CheckFileVersion(5)
scene = GetScene()
rootnode = scene:GetRootNode()
SetTotalFrames(250)
SetFrame(1)
SetFrameRate(24)
CloseAllViewports()
vp = CreateViewport()
vp:SetRect(0.00000000, 0.11770624, 0.34296876, 0.54728371)
vp:SetData1(0.7001535296440125, -10.2237606048584, -35.01243591308594)
vp:SetData2(0.514872133731842, -0.4668756425380707, 0)
vp:SetData3(24.73681259155274, -3.507228374481201, -122.7450408935547)
vp:SetData4(0, 0, 0)
vp:SetData5(0, 0, 0.009999999776482582)
vp:SetProjection(6)
vp:SetDrawMode(5)
vp:SetDrawBF(0)
vp:SetDrawGrid(1)
RedrawViewports()
vp = CreateViewport()
vp:SetRect(0.34765625, 0.11569417, 0.32578126, 0.57344067)
vp:SetData1(0.9822028279304504, -9.690662384033204, -24.82498741149902)
vp:SetData2(0, 0, 0)
vp:SetData3(0, -30, -100)
vp:SetData4(0, 0, 0)
vp:SetData5(0.9822028279304504, -9.690662384033204, 0.06811320781707764)
vp:SetProjection(4)
vp:SetDrawMode(5)
vp:SetDrawBF(0)
vp:SetDrawGrid(1)
RedrawViewports()
vp = CreateViewport()
vp:SetRect(0.69140625, 0.11971831, 0.27109376, 0.52414489)
vp:SetData1(0, -30, -100)
vp:SetData2(0, 0, 0)
vp:SetData3(0, -30, -100)
vp:SetData4(0, 0, 0)
vp:SetData5(-9.690662384033204, -1.608510375022888, 0.07460437715053558)
vp:SetProjection(3)
vp:SetDrawMode(5)
vp:SetDrawBF(0)
vp:SetDrawGrid(1)
RedrawViewports()
vp = CreateViewport()
vp:SetRect(0.68750000, 0.66700202, 0.26718751, 0.29778671)
vp:SetData1(0, -30, -100)
vp:SetData2(0, 0, 0)
vp:SetData3(0, -30, -100)
vp:SetData4(0, 0, 0)
vp:SetData5(0.3054481744766236, -0.5669724345207214, 0.07749830186367035)
vp:SetProjection(0)
vp:SetDrawMode(5)
vp:SetDrawBF(0)
vp:SetDrawGrid(1)
RedrawViewports()
mat = AddTexture("man_elp.bmp")
if (mat) then mat:SetId(1) else print("Texture not found: man_elp.bmp") end
bone = scene:CreateBone()
bone:SetName("Joint1")
bone:SetColor(1, 1, 1)
bone:SetIKChainEnd(0)
bone:SetIKWeight(1)
bone:SetXConstraints(0, 0, 0)
bone:SetYConstraints(0, 0, 0)
bone:SetZConstraints(0, 0, 0)
matrix = matrix44:new()
matrix:set(1,0,0,0,0,1,0,0,0,0,1,0,-0.04565617814660072,12.59918308258057,-0.5906848311424255,1)
bone:SetMatrix(matrix)
matrix:delete()
matrix = matrix44:new()
matrix:set(1,0,0,0,0,1,0,0,0,0,1,0,0,0,0,1)
bone:SetKey(1,matrix,0,0,0,0,0,0)
matrix:delete()
matrix = matrix44:new()
matrix:set(1,0,0,0,0,1,0,0,0,0,1,0,-0.09710903465747834,-4.555998802185059,-0.06978242099285126,1)
bone:SetKey(20,matrix,0,0,0,0,0,0)
matrix:delete()
matrix = matrix44:new()
matrix:set(1,0,0,0,0,1,0,0,0,0,1,0,0,0,0,1)
bone:SetKey(40,matrix,0,0,0,0,0,0)
matrix:delete()
matrix = matrix44:new()
matrix:set(1,0,0,0,0,1,0,0,0,0,1,0,0,0,0,1)
bone:SetKey(45,matrix,0,0,0,0,0,0)
matrix:delete()
matrix = matrix44:new()
matrix:set(1,0,0,0,0,1,0,0,0,0,1,0,0,0,0,1)
bone:SetKey(50,matrix,0,0,0,0,0,0)
matrix:delete()
matrix = matrix44:new()
matrix:set(1,0,0,0,0,1,0,0,0,0,1,0,0,0,0,1)
bone:SetKey(55,matrix,0,0,0,0,0,0)
matrix:delete()
matrix = matrix44:new()
matrix:set(1,0,0,0,0,1,0,0,0,0,1,0,0,0,0,1)
bone:SetKey(60,matrix,0,0,0,0,0,0)
matrix:delete()
matrix = matrix44:new()
matrix:set(1,0,0,0,0,1,0,0,0,0,1,0,0,0,0,1)
bone:SetKey(65,matrix,0,0,0,0,0,0)
matrix:delete()
matrix = matrix44:new()
matrix:set(1,0,0,0,0,1,0,0,0,0,1,0,0,0,0,1)
bone:SetKey(70,matrix,0,0,0,0,0,0)
matrix:delete()
matrix = matrix44:new()
matrix:set(1,0,0,0,0,1,0,0,0,0,1,0,0,0,0,1)
bone:SetKey(75,matrix,0,0,0,0,0,0)
matrix:delete()
matrix = matrix44:new()
matrix:set(0.9999996423721314,-0.0002806330739986152,-0.0007462462526746094,0,0.0002610574592836201,0.9996591806411744,-0.02610410749912262,0,0.000753317610360682,0.0261039026081562,0.9996589422225952,0,0.1933310478925705,-2.648422956466675,0.760296642780304,1)
bone:SetKey(85,matrix,0,0,0,0,0,0)
matrix:delete()
matrix = matrix44:new()
matrix:set(0.9997426271438598,-0.01969825476408005,0.01124997343868017,0,0.009923292323946952,0.8257310390472412,0.5639767050743103,0,-0.020398810505867,-0.5637199282646179,0.8257140517234802,0,-0.8472577929496765,-5.362245082855225,0.760296642780304,1)
bone:SetKey(93,matrix,0,0,0,0,0,0)
matrix:delete()
matrix = matrix44:new()
matrix:set(0.9993637204170228,0.0212537907063961,0.0286403987556696,0,-0.03107369877398014,0.1247382164001465,0.9917031526565552,0,0.0175048727542162,-0.9919622540473938,0.1253195554018021,0,-0.9679401516914368,-10.64293193817139,0.760296642780304,1)
bone:SetKey(99,matrix,0,0,0,0,0,0)
matrix:delete()
matrix = matrix44:new()
matrix:set(1,0,0,0,0,1,0,0,0,0,1,0,0,0,0,1)
bone:SetKey(100,matrix,0,0,0,0,0,0)
matrix:delete()
matrix = matrix44:new()
matrix:set(1,0,0,0,0,1,0,0,0,0,1,0,0,0,0,1)
bone:SetKey(105,matrix,0,0,0,0,0,0)
matrix:delete()
matrix = matrix44:new()
matrix:set(1,0,0,0,0,1,0,0,0,0,1,0,0,0,0,1)
bone:SetKey(110,matrix,0,0,0,0,0,0)
matrix:delete()
matrix = matrix44:new()
matrix:set(1,0,0,0,0,1,0,0,0,0,1,0,0,0,0,1)
bone:SetKey(112,matrix,0,0,0,0,0,0)
matrix:delete()
matrix = matrix44:new()
matrix:set(1,0,0,0,0,1,0,0,0,0,1,0,0,0,0,1)
bone:SetKey(115,matrix,0,0,0,0,0,0)
matrix:delete()
matrix = matrix44:new()
matrix:set(1,0,0,0,0,1,0,0,0,0,1,0,0,0,0,1)
bone:SetKey(120,matrix,0,0,0,0,0,0)
matrix:delete()
matrix = matrix44:new()
matrix:set(1,0,0,0,0,1,0,0,0,0,1,0,0,-0.1908836364746094,0.062744140625,1)
bone:SetKey(125,matrix,0,0,0,0,0,0)
matrix:delete()
matrix = matrix44:new()
matrix:set(1,0,0,0,0,1,0,0,0,0,1,0,0,-0.03731060028076172,0.09593486785888672,1)
bone:SetKey(130,matrix,0,0,0,0,0,0)
matrix:delete()
matrix = matrix44:new()
matrix:set(1,0,0,0,0,1,0,0,0,0,1,0,0,-0.3156700134277344,0.1273069381713867,1)
bone:SetKey(135,matrix,0,0,0,0,0,0)
matrix:delete()
matrix = matrix44:new()
matrix:set(1,0,0,0,0,1,0,0,0,0,1,0,0,-0.03968524932861328,0.1577695310115814,1)
bone:SetKey(140,matrix,0,0,0,0,0,0)
matrix:delete()
matrix = matrix44:new()
matrix:set(1,0,0,0,0,1,0,0,0,0,1,0,0,-0.43975830078125,0.1260338127613068,1)
bone:SetKey(145,matrix,0,0,0,0,0,0)
matrix:delete()
matrix = matrix44:new()
matrix:set(1,0,0,0,0,1,0,0,0,0,1,0,0,0,0,1)
bone:SetKey(150,matrix,0,0,0,0,0,0)
matrix:delete()
matrix = matrix44:new()
matrix:set(1,0,0,0,0,1,0,0,0,0,1,0,0,0,0,1)
bone:SetKey(155,matrix,0,0,0,0,0,0)
matrix:delete()
matrix = matrix44:new()
matrix:set(1,0,0,0,0,1,0,0,0,0,1,0,0,0,0,1)
bone:SetKey(160,matrix,0,0,0,0,0,0)
matrix:delete()
matrix = matrix44:new()
matrix:set(1,0,0,0,0,1,0,0,0,0,1,0,0,0,0,1)
bone:SetKey(165,matrix,0,0,0,0,0,0)
matrix:delete()
matrix = matrix44:new()
matrix:set(1,0,0,0,0,1,0,0,0,0,1,0,0,0,0,1)
bone:SetKey(170,matrix,0,0,0,0,0,0)
matrix:delete()
matrix = matrix44:new()
matrix:set(1,0,0,0,0,1,0,0,0,0,1,0,0,0,0,1)
bone:SetKey(175,matrix,0,0,0,0,0,0)
matrix:delete()
matrix = matrix44:new()
matrix:set(1,0,0,0,0,1,0,0,0,0,1,0,0,0,0,1)
bone:SetKey(180,matrix,0,0,0,0,0,0)
matrix:delete()
matrix = matrix44:new()
matrix:set(1,0,0,0,0,1,0,0,0,0,1,0,0,0,0,1)
bone:SetKey(185,matrix,0,0,0,0,0,0)
matrix:delete()
matrix = matrix44:new()
matrix:set(1,0,0,0,0,1,0,0,0,0,1,0,0,0,0,1)
bone:SetKey(190,matrix,0,0,0,0,0,0)
matrix:delete()
bone:SetId(1)
bone1 = bone
rootnode:AttachChild(bone)
bone = scene:CreateBone()
bone:SetName("Joint2")
bone:SetColor(1, 1, 1)
bone:SetIKChainEnd(1)
bone:SetIKWeight(1)
bone:SetXConstraints(0, 0, 0)
bone:SetYConstraints(0, 0, 0)
bone:SetZConstraints(0, 0, 0)
matrix = matrix44:new()
matrix:set(1,0,0,0,0,1,0,0,0,0,1,0,0.05509097874164581,-3.578080177307129,0,1)
bone:SetMatrix(matrix)
matrix:delete()
matrix = matrix44:new()
matrix:set(1,0,0,0,0,1,0,0,0,0,1,0,0,0,0,1)
bone:SetKey(1,matrix,0,0,0,0,0,0)
matrix:delete()
matrix = matrix44:new()
matrix:set(1,0,0,0,0,1,0,0,0,0,1,0,0,0,0,1)
bone:SetKey(20,matrix,0,0,0,0,0,0)
matrix:delete()
matrix = matrix44:new()
matrix:set(1,0,0,0,0,1,0,0,0,0,1,0,0,0,0,1)
bone:SetKey(40,matrix,0,0,0,0,0,0)
matrix:delete()
matrix = matrix44:new()
matrix:set(1,0,0,0,0,1,0,0,0,0,1,0,0,0,0,1)
bone:SetKey(45,matrix,0,0,0,0,0,0)
matrix:delete()
matrix = matrix44:new()
matrix:set(1,0,0,0,0,1,0,0,0,0,1,0,0,0,0,1)
bone:SetKey(50,matrix,0,0,0,0,0,0)
matrix:delete()
matrix = matrix44:new()
matrix:set(1,0,0,0,0,1,0,0,0,0,1,0,0,0,0,1)
bone:SetKey(55,matrix,0,0,0,0,0,0)
matrix:delete()
matrix = matrix44:new()
matrix:set(1,0,0,0,0,1,0,0,0,0,1,0,0,0,0,1)
bone:SetKey(60,matrix,0,0,0,0,0,0)
matrix:delete()
matrix = matrix44:new()
matrix:set(1,0,0,0,0,1,0,0,0,0,1,0,0,0,0,1)
bone:SetKey(65,matrix,0,0,0,0,0,0)
matrix:delete()
matrix = matrix44:new()
matrix:set(1,0,0,0,0,1,0,0,0,0,1,0,0,0,0,1)
bone:SetKey(70,matrix,0,0,0,0,0,0)
matrix:delete()
matrix = matrix44:new()
matrix:set(1,0,0,0,0,1,0,0,0,0,1,0,0,0,0,1)
bone:SetKey(75,matrix,0,0,0,0,0,0)
matrix:delete()
matrix = matrix44:new()
matrix:set(1,0,0,0,0,1,0,0,0,0,1,0,0,0,0,1)
bone:SetKey(85,matrix,0,0,0,0,0,0)
matrix:delete()
matrix = matrix44:new()
matrix:set(1,0,0,0,0,1,0,0,0,0,1,0,0,0,0,1)
bone:SetKey(93,matrix,0,0,0,0,0,0)
matrix:delete()
matrix = matrix44:new()
matrix:set(1,0,0,0,0,1,0,0,0,0,1,0,0,0,0,1)
bone:SetKey(99,matrix,0,0,0,0,0,0)
matrix:delete()
matrix = matrix44:new()
matrix:set(1,0,0,0,0,1,0,0,0,0,1,0,0,0,0,1)
bone:SetKey(100,matrix,0,0,0,0,0,0)
matrix:delete()
matrix = matrix44:new()
matrix:set(1,0,0,0,0,1,0,0,0,0,1,0,0,0,0,1)
bone:SetKey(105,matrix,0,0,0,0,0,0)
matrix:delete()
matrix = matrix44:new()
matrix:set(1,0,0,0,0,1,0,0,0,0,1,0,0,0,0,1)
bone:SetKey(110,matrix,0,0,0,0,0,0)
matrix:delete()
matrix = matrix44:new()
matrix:set(1,0,0,0,0,1,0,0,0,0,1,0,0,0,0,1)
bone:SetKey(112,matrix,0,0,0,0,0,0)
matrix:delete()
matrix = matrix44:new()
matrix:set(1,0,0,0,0,1,0,0,0,0,1,0,0,0,0,1)
bone:SetKey(115,matrix,0,0,0,0,0,0)
matrix:delete()
matrix = matrix44:new()
matrix:set(1,0,0,0,0,1,0,0,0,0,1,0,0,0,0,1)
bone:SetKey(120,matrix,0,0,0,0,0,0)
matrix:delete()
matrix = matrix44:new()
matrix:set(1,0,0,0,0,1,0,0,0,0,1,0,0,0,0,1)
bone:SetKey(125,matrix,0,0,0,0,0,0)
matrix:delete()
matrix = matrix44:new()
matrix:set(1,0,0,0,0,1,0,0,0,0,1,0,0,0,0,1)
bone:SetKey(130,matrix,0,0,0,0,0,0)
matrix:delete()
matrix = matrix44:new()
matrix:set(1,0,0,0,0,1,0,0,0,0,1,0,0,0,0,1)
bone:SetKey(135,matrix,0,0,0,0,0,0)
matrix:delete()
matrix = matrix44:new()
matrix:set(1,0,0,0,0,1,0,0,0,0,1,0,0,0,0,1)
bone:SetKey(140,matrix,0,0,0,0,0,0)
matrix:delete()
matrix = matrix44:new()
matrix:set(1,0,0,0,0,1,0,0,0,0,1,0,0,0,0,1)
bone:SetKey(145,matrix,0,0,0,0,0,0)
matrix:delete()
matrix = matrix44:new()
matrix:set(1,0,0,0,0,1,0,0,0,0,1,0,0,0,0,1)
bone:SetKey(150,matrix,0,0,0,0,0,0)
matrix:delete()
matrix = matrix44:new()
matrix:set(1,0,0,0,0,1,0,0,0,0,1,0,0,0,0,1)
bone:SetKey(155,matrix,0,0,0,0,0,0)
matrix:delete()
matrix = matrix44:new()
matrix:set(1,0,0,0,0,1,0,0,0,0,1,0,0,0,0,1)
bone:SetKey(160,matrix,0,0,0,0,0,0)
matrix:delete()
matrix = matrix44:new()
matrix:set(1,0,0,0,0,1,0,0,0,0,1,0,0,0,0,1)
bone:SetKey(165,matrix,0,0,0,0,0,0)
matrix:delete()
matrix = matrix44:new()
matrix:set(1,0,0,0,0,1,0,0,0,0,1,0,0,0,0,1)
bone:SetKey(170,matrix,0,0,0,0,0,0)
matrix:delete()
matrix = matrix44:new()
matrix:set(1,0,0,0,0,1,0,0,0,0,1,0,0,0,0,1)
bone:SetKey(175,matrix,0,0,0,0,0,0)
matrix:delete()
matrix = matrix44:new()
matrix:set(1,0,0,0,0,1,0,0,0,0,1,0,0,0,0,1)
bone:SetKey(180,matrix,0,0,0,0,0,0)
matrix:delete()
matrix = matrix44:new()
matrix:set(1,0,0,0,0,1,0,0,0,0,1,0,0,0,0,1)
bone:SetKey(185,matrix,0,0,0,0,0,0)
matrix:delete()
matrix = matrix44:new()
matrix:set(1,0,0,0,0,1,0,0,0,0,1,0,0,0,0,1)
bone:SetKey(190,matrix,0,0,0,0,0,0)
matrix:delete()
bone:SetId(2)
bone2 = bone
bone1:AttachChild(bone)
bone = scene:CreateBone()
bone:SetName("Joint3")
bone:SetColor(1, 1, 1)
bone:SetIKChainEnd(1)
bone:SetIKWeight(1)
bone:SetXConstraints(0, 0, 0)
bone:SetYConstraints(0, 0, 0)
bone:SetZConstraints(0, 0, 0)
matrix = matrix44:new()
matrix:set(1,0,0,0,0,1,0,0,0,0,1,0,1.417242407798767,-0.09709548950195312,0,1)
bone:SetMatrix(matrix)
matrix:delete()
matrix = matrix44:new()
matrix:set(1,0,0,0,0,1,0,0,0,0,1,0,0,0,0,1)
bone:SetKey(1,matrix,0,0,0,0,0,0)
matrix:delete()
matrix = matrix44:new()
matrix:set(0.6190376281738281,-0.3321543335914612,-0.7116641998291016,0,-0.6016491651535034,0.3818637430667877,-0.7015684843063354,0,0.504787802696228,0.862469494342804,0.03654763475060463,0,0,0,0,1)
bone:SetKey(20,matrix,0,0,0,0,0,0)
matrix:delete()
matrix = matrix44:new()
matrix:set(1,0,0,0,0,1,0,0,0,0,1,0,0,0,0,1)
bone:SetKey(40,matrix,0,0,0,0,0,0)
matrix:delete()
matrix = matrix44:new()
matrix:set(0.999753475189209,0.01839235983788967,-0.01243782509118318,0,-0.02089427970349789,0.5898558497428894,-0.8072382211685181,0,-0.007510491646826267,0.8072991371154785,0.5900946855545044,0,0,0,0,1)
bone:SetKey(45,matrix,0,0,0,0,0,0)
matrix:delete()
matrix = matrix44:new()
matrix:set(0.9999980330467224,0.0002683553611859679,0.001968262018635869,0,0.000185812430572696,0.9738526344299316,-0.2271804511547088,0,-0.001977762440219522,0.2271803617477417,0.9738507270812988,0,0,0,0,1)
bone:SetKey(50,matrix,0,0,0,0,0,0)
matrix:delete()
matrix = matrix44:new()
matrix:set(0.9999961256980896,-0.0006276632193475962,0.002722667995840311,0,0.0004981774836778641,0.9988805651664734,0.047301035374403,0,-0.002749309176579118,-0.04729949682950974,0.9988769888877868,0,0,0,0,1)
bone:SetKey(55,matrix,0,0,0,0,0,0)
matrix:delete()
matrix = matrix44:new()
matrix:set(0.99994695186615,0.009485493414103984,-0.004024986643344164,0,-0.008833781816065311,0.5880581736564636,-0.808770477771759,0,-0.005304659716784954,0.8087630271911621,0.5881107449531555,0,0,0,0,1)
bone:SetKey(60,matrix,0,0,0,0,0,0)
matrix:delete()
matrix = matrix44:new()
matrix:set(0.9999974370002746,0.001438802457414568,0.001807790133170784,0,-4.889060073764995e-05,0.7954370975494385,-0.6060361266136169,0,-0.002309949602931738,0.6060343980789185,0.7954350709915161,0,0,0,0,1)
bone:SetKey(65,matrix,0,0,0,0,0,0)
matrix:delete()
matrix = matrix44:new()
matrix:set(0.9999948740005494,-0.000232077029068023,0.003199430648237467,0,0.001073773019015789,0.964060127735138,-0.2656820714473724,0,-0.003022784367203712,0.2656841278076172,0.964055359363556,0,0,0,0,1)
bone:SetKey(70,matrix,0,0,0,0,0,0)
matrix:delete()
matrix = matrix44:new()
matrix:set(1,0,0,0,0,1,0,0,0,0,1,0,0,0,0,1)
bone:SetKey(75,matrix,0,0,0,0,0,0)
matrix:delete()
matrix = matrix44:new()
matrix:set(0.9999830722808838,0.005705474875867367,-0.00115791882853955,0,-0.005613438319414854,0.892198920249939,-0.4516078233718872,0,-0.001543543417938054,0.4516066908836365,0.8922157883644104,0,0,0,0,1)
bone:SetKey(85,matrix,0,0,0,0,0,0)
matrix:delete()
matrix = matrix44:new()
matrix:set(0.9999830722808838,0.005705474875867367,-0.00115791882853955,0,-0.005613438319414854,0.892198920249939,-0.4516078233718872,0,-0.001543543417938054,0.4516066908836365,0.8922157883644104,0,0,0,0,1)
bone:SetKey(93,matrix,0,0,0,0,0,0)
matrix:delete()
matrix = matrix44:new()
matrix:set(0.9999830722808838,0.005705474875867367,-0.00115791882853955,0,-0.005613438319414854,0.892198920249939,-0.4516078233718872,0,-0.001543543417938054,0.4516066908836365,0.8922157883644104,0,0,0,0,1)
bone:SetKey(99,matrix,0,0,0,0,0,0)
matrix:delete()
matrix = matrix44:new()
matrix:set(1,0,0,0,0,1,0,0,0,0,1,0,0,0,0,1)
bone:SetKey(100,matrix,0,0,0,0,0,0)
matrix:delete()
matrix = matrix44:new()
matrix:set(1,0,0,0,0,1,0,0,0,0,1,0,0,0,0,1)
bone:SetKey(105,matrix,0,0,0,0,0,0)
matrix:delete()
matrix = matrix44:new()
matrix:set(1,0,0,0,0,1,0,0,0,0,1,0,0,0,0,1)
bone:SetKey(110,matrix,0,0,0,0,0,0)
matrix:delete()
matrix = matrix44:new()
matrix:set(1,0,0,0,0,1,0,0,0,0,1,0,0,0,0,1)
bone:SetKey(112,matrix,0,0,0,0,0,0)
matrix:delete()
matrix = matrix44:new()
matrix:set(1,0,0,0,0,1,0,0,0,0,1,0,0,0,0,1)
bone:SetKey(115,matrix,0,0,0,0,0,0)
matrix:delete()
matrix = matrix44:new()
matrix:set(1,0,0,0,0,1,0,0,0,0,1,0,0,0,0,1)
bone:SetKey(120,matrix,0,0,0,0,0,0)
matrix:delete()
matrix = matrix44:new()
matrix:set(0.9999991059303284,0.001005504163913429,0.000940102618187666,0,-0.0002440591342747212,0.801642894744873,-0.5978031158447266,0,-0.00135471997782588,0.5978023409843445,0.8016424775123596,0,0,0,0,1)
bone:SetKey(125,matrix,0,0,0,0,0,0)
matrix:delete()
matrix = matrix44:new()
matrix:set(0.9999991655349732,0.0007595412316732109,0.001103710033930838,0,-0.0003841910802293569,0.951749324798584,-0.3068759739398956,0,-0.001283540274016559,0.3068752884864807,0.9517489075660706,0,0,0,0,1)
bone:SetKey(130,matrix,0,0,0,0,0,0)
matrix:delete()
matrix = matrix44:new()
matrix:set(0.9999989867210388,-0.0004337349673733115,0.001349507248960436,0,4.885310772806406e-05,0.9620158076286316,0.2729935944080353,0,-0.001416654093191028,-0.272993266582489,0.9620148539543152,0,0,0,0,1)
bone:SetKey(135,matrix,0,0,0,0,0,0)
matrix:delete()
matrix = matrix44:new()
matrix:set(0.9999979734420776,0.001968974247574806,0.0004941632505506277,0,-0.001070816768333316,0.7184233069419861,-0.6956053376197815,0,-0.001724647590890527,0.6956033706665039,0.7184239625930786,0,0,0,0,1)
bone:SetKey(140,matrix,0,0,0,0,0,0)
matrix:delete()
matrix = matrix44:new()
matrix:set(0.9999990463256836,0.0006836956599727273,0.001126577262766659,0,9.732250327942892e-05,0.8142377734184265,-0.5805314183235168,0,-0.001314208726398647,0.5805310010910034,0.8142370581626892,0,0,0,0,1)
bone:SetKey(145,matrix,0,0,0,0,0,0)
matrix:delete()
matrix = matrix44:new()
matrix:set(1,0,0,0,0,1,0,0,0,0,1,0,0,0,0,1)
bone:SetKey(150,matrix,0,0,0,0,0,0)
matrix:delete()
matrix = matrix44:new()
matrix:set(0.9999999403953552,-0.0003856905386783182,-7.636108784936368e-05,0,0.0003308773157186806,0.930435597896576,-0.3664553165435791,0,0.0002123874146491289,0.3664552569389344,0.9304356575012208,0,0,0,0,1)
bone:SetKey(155,matrix,0,0,0,0,0,0)
matrix:delete()
matrix = matrix44:new()
matrix:set(0.9999999403953552,-0.0003232292365282774,-8.190204971469939e-05,0,0.0003006932965945452,0.980311632156372,-0.1974561810493469,0,0.0001441131462343037,0.1974561512470245,0.9803116917610168,0,0,0,0,1)
bone:SetKey(160,matrix,0,0,0,0,0,0)
matrix:delete()
matrix = matrix44:new()
matrix:set(0.9999999403953552,-0.0002657720469869674,-6.228703568922356e-05,0,0.0002729455882217735,0.9767724871635438,0.2142786532640457,0,3.890979769494152e-06,-0.2142786681652069,0.9767725467681884,0,0,0,0,1)
bone:SetKey(165,matrix,0,0,0,0,0,0)
matrix:delete()
matrix = matrix44:new()
matrix:set(0.9999998807907104,-0.000331135030137375,-0.000176424568053335,0,8.964414155343547e-05,0.6674570441246033,-0.744648277759552,0,0.0003643349627964198,0.744648277759552,0.6674569845199585,0,0,0,0,1)
bone:SetKey(170,matrix,0,0,0,0,0,0)
matrix:delete()
matrix = matrix44:new()
matrix:set(1,-0.0002591174561530352,-0.0001790522219380364,0,0.0001259350246982649,0.8500124216079712,-0.5267625451087952,0,0.0002886900037992746,0.5267625451087952,0.850012481212616,0,0,0,0,1)
bone:SetKey(175,matrix,0,0,0,0,0,0)
matrix:delete()
matrix = matrix44:new()
matrix:set(1,-0.0001155554637080058,-0.0001994859339902178,0,8.83565517142415e-05,0.9913389682769776,-0.1313279420137406,0,0.0002129338245140388,0.1313279271125794,0.9913389682769776,0,0,0,0,1)
bone:SetKey(180,matrix,0,0,0,0,0,0)
matrix:delete()
matrix = matrix44:new()
matrix:set(1,-1.542310928925872e-05,-0.0001674571685725823,0,5.910301479161717e-05,0.964491844177246,0.2641126215457916,0,0.0001574376365169883,-0.2641126215457916,0.964491844177246,0,0,0,0,1)
bone:SetKey(185,matrix,0,0,0,0,0,0)
matrix:delete()
matrix = matrix44:new()
matrix:set(1,0,0,0,0,1,0,0,0,0,1,0,0,0,0,1)
bone:SetKey(190,matrix,0,0,0,0,0,0)
matrix:delete()
bone:SetId(3)
bone3 = bone
bone2:AttachChild(bone)
bone = scene:CreateBone()
bone:SetName("Joint4")
bone:SetColor(1, 1, 1)
bone:SetIKChainEnd(0)
bone:SetIKWeight(1)
bone:SetXConstraints(0, 0, 0)
bone:SetYConstraints(0, 0, 0)
bone:SetZConstraints(0, 0, 0)
matrix = matrix44:new()
matrix:set(1,0,0,0,0,1,0,0,0,0,1,0,-0.0002701282501220703,-3.598878383636474,0,1)
bone:SetMatrix(matrix)
matrix:delete()
matrix = matrix44:new()
matrix:set(1,0,0,0,0,1,0,0,0,0,1,0,0,0,0,1)
bone:SetKey(1,matrix,0,0,0,0,0,0)
matrix:delete()
matrix = matrix44:new()
matrix:set(0.7079727649688721,0.4077753722667694,-0.5766229033470154,0,0.6026999950408936,0.07675314694643021,0.7942680716514587,0,0.3681405484676361,-0.9098507165908814,-0.1914270520210266,0,0,0,0,1)
bone:SetKey(20,matrix,0,0,0,0,0,0)
matrix:delete()
matrix = matrix44:new()
matrix:set(1,0,0,0,0,1,0,0,0,0,1,0,0,0,0,1)
bone:SetKey(40,matrix,0,0,0,0,0,0)
matrix:delete()
matrix = matrix44:new()
matrix:set(0.9990675449371338,-0.03176843374967575,-0.02923718094825744,0,0.04114154353737831,0.4951536655426025,0.867830753326416,0,-0.01309272553771734,-0.8682243824005127,0.4959989786148071,0,0,0,0,1)
bone:SetKey(45,matrix,0,0,0,0,0,0)
matrix:delete()
matrix = matrix44:new()
matrix:set(0.9999831318855286,-0.003540756413713098,-0.004591609816998243,0,0.004514730535447598,0.9723674058914184,0.2334122508764267,0,0.003638276597484946,-0.2334290593862534,0.9723670482635498,0,0,0,0,1)
bone:SetKey(50,matrix,0,0,0,0,0,0)
matrix:delete()
matrix = matrix44:new()
matrix:set(0.9999893307685852,-0.00281298509798944,-0.003671452403068542,0,0.004397681448608637,0.8241621255874634,0.5663368701934814,0,0.001432774704881012,-0.5663468837738037,0.8241657018661499,0,0,0,0,1)
bone:SetKey(55,matrix,0,0,0,0,0,0)
matrix:delete()
matrix = matrix44:new()
matrix:set(0.9997888207435608,-0.01014483440667391,-0.01786905899643898,0,0.01802454702556133,0.01544783357530832,0.999718189239502,0,-0.009865932166576386,-0.9998292922973632,0.0156274251639843,0,0,0,0,1)
bone:SetKey(60,matrix,0,0,0,0,0,0)
matrix:delete()
matrix = matrix44:new()
matrix:set(0.9999451041221618,-0.001810572226531804,-0.01032515428960323,0,0.003170920070260763,0.991070568561554,0.1332997828722,0,0.009991608560085296,-0.1333252042531967,0.991021990776062,0,0,0,0,1)
bone:SetKey(65,matrix,0,0,0,0,0,0)
matrix:delete()
matrix = matrix44:new()
matrix:set(0.999954104423523,0.002341534243896604,-0.009288243018090724,0,0.0009593653958290816,0.9403051137924194,0.3403311371803284,0,0.009530679322779178,-0.3403244316577912,0.9402597546577454,0,0,0,0,1)
bone:SetKey(70,matrix,0,0,0,0,0,0)
matrix:delete()
matrix = matrix44:new()
matrix:set(1,0,0,0,0,1,0,0,0,0,1,0,0,0,0,1)
bone:SetKey(75,matrix,0,0,0,0,0,0)
matrix:delete()
matrix = matrix44:new()
matrix:set(0.999920666217804,-0.01087046787142754,-0.006359423976391554,0,0.007355575449764729,0.09420207887887954,0.9955258965492248,0,-0.01022276282310486,-0.9954937100410462,0.09427456557750702,0,0,0,0,1)
bone:SetKey(85,matrix,0,0,0,0,0,0)
matrix:delete()
matrix = matrix44:new()
matrix:set(0.999920666217804,-0.01087046787142754,-0.006359423976391554,0,0.007355575449764729,0.09420207887887954,0.9955258965492248,0,-0.01022276282310486,-0.9954937100410462,0.09427456557750702,0,0,0,0,1)
bone:SetKey(93,matrix,0,0,0,0,0,0)
matrix:delete()
matrix = matrix44:new()
matrix:set(0.999920666217804,-0.01087046787142754,-0.006359423976391554,0,0.007355575449764729,0.09420207887887954,0.9955258965492248,0,-0.01022276282310486,-0.9954937100410462,0.09427456557750702,0,0,0,0,1)
bone:SetKey(99,matrix,0,0,0,0,0,0)
matrix:delete()
matrix = matrix44:new()
matrix:set(1,0,0,0,0,1,0,0,0,0,1,0,0,0,0,1)
bone:SetKey(100,matrix,0,0,0,0,0,0)
matrix:delete()
matrix = matrix44:new()
matrix:set(1,0,0,0,0,1,0,0,0,0,1,0,0,0,0,1)
bone:SetKey(105,matrix,0,0,0,0,0,0)
matrix:delete()
matrix = matrix44:new()
matrix:set(1,0,0,0,0,1,0,0,0,0,1,0,0,0,0,1)
bone:SetKey(110,matrix,0,0,0,0,0,0)
matrix:delete()
matrix = matrix44:new()
matrix:set(1,0,0,0,0,1,0,0,0,0,1,0,0,0,0,1)
bone:SetKey(112,matrix,0,0,0,0,0,0)
matrix:delete()
matrix = matrix44:new()
matrix:set(1,0,0,0,0,1,0,0,0,0,1,0,0,0,0,1)
bone:SetKey(115,matrix,0,0,0,0,0,0)
matrix:delete()
matrix = matrix44:new()
matrix:set(1,0,0,0,0,1,0,0,0,0,1,0,0,0,0,1)
bone:SetKey(120,matrix,0,0,0,0,0,0)
matrix:delete()
matrix = matrix44:new()
matrix:set(0.9999715685844422,0.001191243645735085,-0.007447801996022463,0,0.0004172614426352084,0.9771997332572938,0.2123220562934876,0,0.007530916947871447,-0.2123191356658936,0.9771713614463806,0,0,0,0,1)
bone:SetKey(125,matrix,0,0,0,0,0,0)
matrix:delete()
matrix = matrix44:new()
matrix:set(0.999985158443451,0.001208377303555608,-0.005317880306392908,0,0.0006529642269015312,0.9415963888168334,0.3367428481578827,0,0.005414209328591824,-0.3367412984371186,0.941581666469574,0,0,0,0,1)
bone:SetKey(130,matrix,0,0,0,0,0,0)
matrix:delete()
matrix = matrix44:new()
matrix:set(0.9999862909317016,0.00222380249761045,-0.004751674365252256,0,-0.0002828609431162476,0.9272547960281372,0.3744310736656189,0,0.005238672718405724,-0.3744246065616608,0.927242636680603,0,0,0,0,1)
bone:SetKey(135,matrix,0,0,0,0,0,0)
matrix:delete()
matrix = matrix44:new()
matrix:set(0.9999944567680358,0.002777272136881948,-0.001785932225175202,0,0.002070866292342544,-0.1062310561537743,0.9943392872810364,0,0.002571829594671726,-0.9943375587463378,-0.1062362268567085,0,0,0,0,1)
bone:SetKey(140,matrix,0,0,0,0,0,0)
matrix:delete()
matrix = matrix44:new()
matrix:set(0.9999780058860778,0.001349250436760485,-0.006500521674752235,0,-0.0009889504872262478,0.9984796047210694,0.05511410161852837,0,0.006565000861883163,-0.05510646104812622,0.9984589219093322,0,0,0,0,1)
bone:SetKey(145,matrix,0,0,0,0,0,0)
matrix:delete()
matrix = matrix44:new()
matrix:set(1,0,0,0,0,1,0,0,0,0,1,0,0,0,0,1)
bone:SetKey(150,matrix,0,0,0,0,0,0)
matrix:delete()
matrix = matrix44:new()
matrix:set(0.9999992847442626,0.001203322783112526,-0.0001766544883139432,0,-0.001197511795908213,0.9995534420013428,0.0298573262989521,0,0.0002125035971403122,-0.02985709346830845,0.99955415725708,0,0,0,0,1)
bone:SetKey(155,matrix,0,0,0,0,0,0)
matrix:delete()
matrix = matrix44:new()
matrix:set(0.9999991655349732,0.001297695096582174,0.0001497521152487025,0,-0.001289136125706136,0.9618223905563354,0.2736712694168091,0,0.0002111069043166936,-0.2736712396144867,0.961823284626007,0,0,0,0,1)
bone:SetKey(160,matrix,0,0,0,0,0,0)
matrix:delete()
matrix = matrix44:new()
matrix:set(0.9999991655349732,0.00121687154751271,0.000444662815425545,0,-0.001276553492061794,0.8668792247772217,0.4985165596008301,0,0.0002211617393186316,-0.4985167384147644,0.866879940032959,0,0,0,0,1)
bone:SetKey(165,matrix,0,0,0,0,0,0)
matrix:delete()
matrix = matrix44:new()
matrix:set(0.9999992847442626,0.0002814582840073854,0.001211562543176114,0,-0.001219616387970746,0.03063506446778774,0.9995298981666564,0,0.0002442098339088261,-0.999530553817749,0.03063538484275341,0,0,0,0,1)
bone:SetKey(170,matrix,0,0,0,0,0,0)
matrix:delete()
matrix = matrix44:new()
matrix:set(0.999999225139618,0.001180982450023294,-0.0003459740546531976,0,-0.001184295164421201,0.9999518990516662,-0.009736571460962296,0,0.0003344587166793644,0.00973697379231453,0.9999525547027588,0,0,0,0,1)
bone:SetKey(175,matrix,0,0,0,0,0,0)
matrix:delete()
matrix = matrix44:new()
matrix:set(0.9999991059303284,0.001329026999883354,6.973156268941239e-05,0,-0.001288770465180278,0.9539743661880494,0.2998854219913482,0,0.0003320336400065571,-0.2998852133750916,0.953975260257721,0,0,0,0,1)
bone:SetKey(180,matrix,0,0,0,0,0,0)
matrix:delete()
matrix = matrix44:new()
matrix:set(0.999999225139618,0.001304835896007717,0.0002006177674047649,0,-0.001276710303500295,0.9171794056892396,0.3984724581241608,0,0.0003359386755619198,-0.3984723389148712,0.9171802997589112,0,0,0,0,1)
bone:SetKey(185,matrix,0,0,0,0,0,0)
matrix:delete()
matrix = matrix44:new()
matrix:set(1,0,0,0,0,1,0,0,0,0,1,0,0,0,0,1)
bone:SetKey(190,matrix,0,0,0,0,0,0)
matrix:delete()
bone:SetId(4)
bone4 = bone
bone3:AttachChild(bone)
bone = scene:CreateBone()
bone:SetName("Joint5")
bone:SetColor(1, 1, 1)
bone:SetIKChainEnd(0)
bone:SetIKWeight(1)
bone:SetXConstraints(0, 0, 0)
bone:SetYConstraints(0, 0, 0)
bone:SetZConstraints(0, 0, 0)
matrix = matrix44:new()
matrix:set(1,0,0,0,0,1,0,0,0,0,1,0,-0.004996180534362793,-4.010095119476318,0,1)
bone:SetMatrix(matrix)
matrix:delete()
matrix = matrix44:new()
matrix:set(1,0,0,0,0,1,0,0,0,0,1,0,0,0,0,1)
bone:SetKey(1,matrix,0,0,0,0,0,0)
matrix:delete()
matrix = matrix44:new()
matrix:set(1,0,0,0,0,1,0,0,0,0,1,0,0,0,0,1)
bone:SetKey(20,matrix,0,0,0,0,0,0)
matrix:delete()
matrix = matrix44:new()
matrix:set(1,0,0,0,0,1,0,0,0,0,1,0,0,0,0,1)
bone:SetKey(40,matrix,0,0,0,0,0,0)
matrix:delete()
matrix = matrix44:new()
matrix:set(1,0,0,0,0,1,0,0,0,0,1,0,0,0,0,1)
bone:SetKey(45,matrix,0,0,0,0,0,0)
matrix:delete()
matrix = matrix44:new()
matrix:set(1,0,0,0,0,1,0,0,0,0,1,0,0,0,0,1)
bone:SetKey(50,matrix,0,0,0,0,0,0)
matrix:delete()
matrix = matrix44:new()
matrix:set(1,0,0,0,0,1,0,0,0,0,1,0,0,0,0,1)
bone:SetKey(55,matrix,0,0,0,0,0,0)
matrix:delete()
matrix = matrix44:new()
matrix:set(1,0,0,0,0,1,0,0,0,0,1,0,0,0,0,1)
bone:SetKey(60,matrix,0,0,0,0,0,0)
matrix:delete()
matrix = matrix44:new()
matrix:set(1,0,0,0,0,1,0,0,0,0,1,0,0,0,0,1)
bone:SetKey(65,matrix,0,0,0,0,0,0)
matrix:delete()
matrix = matrix44:new()
matrix:set(1,0,0,0,0,1,0,0,0,0,1,0,0,0,0,1)
bone:SetKey(70,matrix,0,0,0,0,0,0)
matrix:delete()
matrix = matrix44:new()
matrix:set(1,0,0,0,0,1,0,0,0,0,1,0,0,0,0,1)
bone:SetKey(75,matrix,0,0,0,0,0,0)
matrix:delete()
matrix = matrix44:new()
matrix:set(1,0,0,0,0,1,0,0,0,0,1,0,0,0,0,1)
bone:SetKey(85,matrix,0,0,0,0,0,0)
matrix:delete()
matrix = matrix44:new()
matrix:set(1,0,0,0,0,1,0,0,0,0,1,0,0,0,0,1)
bone:SetKey(93,matrix,0,0,0,0,0,0)
matrix:delete()
matrix = matrix44:new()
matrix:set(1,0,0,0,0,1,0,0,0,0,1,0,0,0,0,1)
bone:SetKey(99,matrix,0,0,0,0,0,0)
matrix:delete()
matrix = matrix44:new()
matrix:set(1,0,0,0,0,1,0,0,0,0,1,0,0,0,0,1)
bone:SetKey(100,matrix,0,0,0,0,0,0)
matrix:delete()
matrix = matrix44:new()
matrix:set(1,0,0,0,0,1,0,0,0,0,1,0,0,0,0,1)
bone:SetKey(105,matrix,0,0,0,0,0,0)
matrix:delete()
matrix = matrix44:new()
matrix:set(1,0,0,0,0,1,0,0,0,0,1,0,0,0,0,1)
bone:SetKey(110,matrix,0,0,0,0,0,0)
matrix:delete()
matrix = matrix44:new()
matrix:set(1,0,0,0,0,1,0,0,0,0,1,0,0,0,0,1)
bone:SetKey(112,matrix,0,0,0,0,0,0)
matrix:delete()
matrix = matrix44:new()
matrix:set(1,0,0,0,0,1,0,0,0,0,1,0,0,0,0,1)
bone:SetKey(115,matrix,0,0,0,0,0,0)
matrix:delete()
matrix = matrix44:new()
matrix:set(1,0,0,0,0,1,0,0,0,0,1,0,0,0,0,1)
bone:SetKey(120,matrix,0,0,0,0,0,0)
matrix:delete()
matrix = matrix44:new()
matrix:set(1,0,0,0,0,1,0,0,0,0,1,0,0,0,0,1)
bone:SetKey(125,matrix,0,0,0,0,0,0)
matrix:delete()
matrix = matrix44:new()
matrix:set(1,0,0,0,0,1,0,0,0,0,1,0,0,0,0,1)
bone:SetKey(130,matrix,0,0,0,0,0,0)
matrix:delete()
matrix = matrix44:new()
matrix:set(1,0,0,0,0,1,0,0,0,0,1,0,0,0,0,1)
bone:SetKey(135,matrix,0,0,0,0,0,0)
matrix:delete()
matrix = matrix44:new()
matrix:set(1,0,0,0,0,1,0,0,0,0,1,0,0,0,0,1)
bone:SetKey(140,matrix,0,0,0,0,0,0)
matrix:delete()
matrix = matrix44:new()
matrix:set(1,0,0,0,0,1,0,0,0,0,1,0,0,0,0,1)
bone:SetKey(145,matrix,0,0,0,0,0,0)
matrix:delete()
matrix = matrix44:new()
matrix:set(1,0,0,0,0,1,0,0,0,0,1,0,0,0,0,1)
bone:SetKey(150,matrix,0,0,0,0,0,0)
matrix:delete()
matrix = matrix44:new()
matrix:set(1,0,0,0,0,1,0,0,0,0,1,0,0,0,0,1)
bone:SetKey(155,matrix,0,0,0,0,0,0)
matrix:delete()
matrix = matrix44:new()
matrix:set(1,0,0,0,0,1,0,0,0,0,1,0,0,0,0,1)
bone:SetKey(160,matrix,0,0,0,0,0,0)
matrix:delete()
matrix = matrix44:new()
matrix:set(1,0,0,0,0,1,0,0,0,0,1,0,0,0,0,1)
bone:SetKey(165,matrix,0,0,0,0,0,0)
matrix:delete()
matrix = matrix44:new()
matrix:set(1,0,0,0,0,1,0,0,0,0,1,0,0,0,0,1)
bone:SetKey(170,matrix,0,0,0,0,0,0)
matrix:delete()
matrix = matrix44:new()
matrix:set(1,0,0,0,0,1,0,0,0,0,1,0,0,0,0,1)
bone:SetKey(175,matrix,0,0,0,0,0,0)
matrix:delete()
matrix = matrix44:new()
matrix:set(1,0,0,0,0,1,0,0,0,0,1,0,0,0,0,1)
bone:SetKey(180,matrix,0,0,0,0,0,0)
matrix:delete()
matrix = matrix44:new()
matrix:set(1,0,0,0,0,1,0,0,0,0,1,0,0,0,0,1)
bone:SetKey(185,matrix,0,0,0,0,0,0)
matrix:delete()
matrix = matrix44:new()
matrix:set(1,0,0,0,0,1,0,0,0,0,1,0,0,0,0,1)
bone:SetKey(190,matrix,0,0,0,0,0,0)
matrix:delete()
bone:SetId(5)
bone5 = bone
bone4:AttachChild(bone)
bone = scene:CreateBone()
bone:SetName("Joint6")
bone:SetColor(1, 1, 1)
bone:SetIKChainEnd(1)
bone:SetIKWeight(1)
bone:SetXConstraints(0, 0, 0)
bone:SetYConstraints(0, 0, 0)
bone:SetZConstraints(0, 0, 0)
matrix = matrix44:new()
matrix:set(1,0,0,0,0,1,0,0,0,0,1,0,-1.432365536689758,-0.05504703521728516,0,1)
bone:SetMatrix(matrix)
matrix:delete()
matrix = matrix44:new()
matrix:set(1,0,0,0,0,1,0,0,0,0,1,0,0,0,0,1)
bone:SetKey(1,matrix,0,0,0,0,0,0)
matrix:delete()
matrix = matrix44:new()
matrix:set(0.8498212695121765,-0.5147321820259094,0.1133781224489212,0,0.4892102777957916,0.6902556419372559,-0.5331233143806458,0,0.1961558312177658,0.5085252523422241,0.8384062051773071,0,0,0,0,1)
bone:SetKey(20,matrix,0,0,0,0,0,0)
matrix:delete()
matrix = matrix44:new()
matrix:set(1,0,0,0,0,1,0,0,0,0,1,0,0,0,0,1)
bone:SetKey(40,matrix,0,0,0,0,0,0)
matrix:delete()
matrix = matrix44:new()
matrix:set(1,0,0,0,0,0.9763489365577698,0.2162007838487625,0,0,-0.2162007838487625,0.9763489365577698,0,0,0,0,1)
bone:SetKey(45,matrix,0,0,0,0,0,0)
matrix:delete()
matrix = matrix44:new()
matrix:set(1,0,0,0,0,0.7539108991622925,-0.6569766998291016,0,0,0.6569766998291016,0.7539108991622925,0,0,0,0,1)
bone:SetKey(50,matrix,0,0,0,0,0,0)
matrix:delete()
matrix = matrix44:new()
matrix:set(1,0,0,0,0,0.9035671353340148,-0.4284465610980988,0,0,0.4284465610980988,0.9035671353340148,0,0,0,0,1)
bone:SetKey(55,matrix,0,0,0,0,0,0)
matrix:delete()
matrix = matrix44:new()
matrix:set(1,0,0,0,0,0.9636178612709046,-0.2672836780548096,0,0,0.2672836780548096,0.9636178612709046,0,0,0,0,1)
bone:SetKey(60,matrix,0,0,0,0,0,0)
matrix:delete()
matrix = matrix44:new()
matrix:set(1,0,0,0,0,0.9997864365577698,0.02066605724394322,0,0,-0.02066605724394322,0.9997864365577698,0,0,0,0,1)
bone:SetKey(65,matrix,0,0,0,0,0,0)
matrix:delete()
matrix = matrix44:new()
matrix:set(1,0,0,0,0,0.7000648379325867,-0.7140793204307556,0,0,0.7140793204307556,0.7000648379325867,0,0,0,0,1)
bone:SetKey(70,matrix,0,0,0,0,0,0)
matrix:delete()
matrix = matrix44:new()
matrix:set(1,0,0,0,0,1,0,0,0,0,1,0,0,0,0,1)
bone:SetKey(75,matrix,0,0,0,0,0,0)
matrix:delete()
matrix = matrix44:new()
matrix:set(1,0,0,0,0,0.79072505235672,-0.612171471118927,0,0,0.612171471118927,0.79072505235672,0,0,0,0,1)
bone:SetKey(85,matrix,0,0,0,0,0,0)
matrix:delete()
matrix = matrix44:new()
matrix:set(1,0,0,0,0,0.79072505235672,-0.612171471118927,0,0,0.612171471118927,0.79072505235672,0,0,0,0,1)
bone:SetKey(93,matrix,0,0,0,0,0,0)
matrix:delete()
matrix = matrix44:new()
matrix:set(1,0,0,0,0,0.79072505235672,-0.612171471118927,0,0,0.612171471118927,0.79072505235672,0,0,0,0,1)
bone:SetKey(99,matrix,0,0,0,0,0,0)
matrix:delete()
matrix = matrix44:new()
matrix:set(1,0,0,0,0,1,0,0,0,0,1,0,0,0,0,1)
bone:SetKey(100,matrix,0,0,0,0,0,0)
matrix:delete()
matrix = matrix44:new()
matrix:set(1,0,0,0,0,1,0,0,0,0,1,0,0,0,0,1)
bone:SetKey(105,matrix,0,0,0,0,0,0)
matrix:delete()
matrix = matrix44:new()
matrix:set(1,0,0,0,0,1,0,0,0,0,1,0,0,0,0,1)
bone:SetKey(110,matrix,0,0,0,0,0,0)
matrix:delete()
matrix = matrix44:new()
matrix:set(1,0,0,0,0,1,0,0,0,0,1,0,0,0,0,1)
bone:SetKey(112,matrix,0,0,0,0,0,0)
matrix:delete()
matrix = matrix44:new()
matrix:set(1,0,0,0,0,1,0,0,0,0,1,0,0,0,0,1)
bone:SetKey(115,matrix,0,0,0,0,0,0)
matrix:delete()
matrix = matrix44:new()
matrix:set(1,0,0,0,0,1,0,0,0,0,1,0,0,0,0,1)
bone:SetKey(120,matrix,0,0,0,0,0,0)
matrix:delete()
matrix = matrix44:new()
matrix:set(1,0,0,0,0,0.9893421530723572,0.1456094831228256,0,0,-0.1456094831228256,0.9893421530723572,0,0,0,0,1)
bone:SetKey(125,matrix,0,0,0,0,0,0)
matrix:delete()
matrix = matrix44:new()
matrix:set(1,0,0,0,0,0.6098585724830627,-0.7925102710723877,0,0,0.7925102710723877,0.6098585724830627,0,0,0,0,1)
bone:SetKey(130,matrix,0,0,0,0,0,0)
matrix:delete()
matrix = matrix44:new()
matrix:set(1,0,0,0,0,0.8972911238670349,-0.4414392411708832,0,0,0.4414392411708832,0.8972911238670349,0,0,0,0,1)
bone:SetKey(135,matrix,0,0,0,0,0,0)
matrix:delete()
matrix = matrix44:new()
matrix:set(1,0,0,0,0,0.9868648052215576,-0.1615484356880188,0,0,0.1615484356880188,0.9868648052215576,0,0,0,0,1)
bone:SetKey(140,matrix,0,0,0,0,0,0)
matrix:delete()
matrix = matrix44:new()
matrix:set(1,0,0,0,0,0.9642794132232666,0.2648872137069702,0,0,-0.2648872137069702,0.9642794132232666,0,0,0,0,1)
bone:SetKey(145,matrix,0,0,0,0,0,0)
matrix:delete()
matrix = matrix44:new()
matrix:set(1,0,0,0,0,1,0,0,0,0,1,0,0,0,0,1)
bone:SetKey(150,matrix,0,0,0,0,0,0)
matrix:delete()
matrix = matrix44:new()
matrix:set(1,0,0,0,0,0.9485485553741456,0.3166316449642182,0,0,-0.3166316449642182,0.9485485553741456,0,0,0,0,1)
bone:SetKey(155,matrix,0,0,0,0,0,0)
matrix:delete()
matrix = matrix44:new()
matrix:set(1,0,0,0,0,0.7317143678665161,-0.6816114187240601,0,0,0.6816114187240601,0.7317143678665161,0,0,0,0,1)
bone:SetKey(160,matrix,0,0,0,0,0,0)
matrix:delete()
matrix = matrix44:new()
matrix:set(1,0,0,0,0,0.831612229347229,-0.5553567409515381,0,0,0.5553567409515381,0.831612229347229,0,0,0,0,1)
bone:SetKey(165,matrix,0,0,0,0,0,0)
matrix:delete()
matrix = matrix44:new()
matrix:set(1,0,0,0,0,0.9903995990753174,-0.1382339000701904,0,0,0.1382339000701904,0.9903995990753174,0,0,0,0,1)
bone:SetKey(170,matrix,0,0,0,0,0,0)
matrix:delete()
matrix = matrix44:new()
matrix:set(1,0,0,0,0,0.9377244114875794,0.3473801016807556,0,0,-0.3473801016807556,0.9377244114875794,0,0,0,0,1)
bone:SetKey(175,matrix,0,0,0,0,0,0)
matrix:delete()
matrix = matrix44:new()
matrix:set(1,0,0,0,0,0.8300324082374573,-0.557715117931366,0,0,0.557715117931366,0.8300324082374573,0,0,0,0,1)
bone:SetKey(180,matrix,0,0,0,0,0,0)
matrix:delete()
matrix = matrix44:new()
matrix:set(1,0,0,0,0,0.8497640490531921,-0.5271632075309753,0,0,0.5271632075309753,0.8497640490531921,0,0,0,0,1)
bone:SetKey(185,matrix,0,0,0,0,0,0)
matrix:delete()
matrix = matrix44:new()
matrix:set(1,0,0,0,0,1,0,0,0,0,1,0,0,0,0,1)
bone:SetKey(190,matrix,0,0,0,0,0,0)
matrix:delete()
bone:SetId(6)
bone6 = bone
bone2:AttachChild(bone)
bone = scene:CreateBone()
bone:SetName("Joint7")
bone:SetColor(1, 1, 1)
bone:SetIKChainEnd(0)
bone:SetIKWeight(1)
bone:SetXConstraints(0, 0, 0)
bone:SetYConstraints(0, 0, 0)
bone:SetZConstraints(0, 0, 0)
matrix = matrix44:new()
matrix:set(1,0,0,0,0,1,0,0,0,0,1,0,0,-3.688175201416016,0,1)
bone:SetMatrix(matrix)
matrix:delete()
matrix = matrix44:new()
matrix:set(1,0,0,0,0,1,0,0,0,0,1,0,0,0,0,1)
bone:SetKey(1,matrix,0,0,0,0,0,0)
matrix:delete()
matrix = matrix44:new()
matrix:set(0.1825939863920212,0.9128233790397644,0.3652573823928833,0,-0.6066040396690369,0.3969595730304718,-0.6888067126274109,0,-0.7737512588500977,-0.09579464048147202,0.626204788684845,0,0,0,0,1)
bone:SetKey(20,matrix,0,0,0,0,0,0)
matrix:delete()
matrix = matrix44:new()
matrix:set(1,0,0,0,0,1,0,0,0,0,1,0,0,0,0,1)
bone:SetKey(40,matrix,0,0,0,0,0,0)
matrix:delete()
matrix = matrix44:new()
matrix:set(1,0,0,0,0,0.9517475962638854,0.3068819344043732,0,0,-0.3068819344043732,0.9517475962638854,0,0,0,0,1)
bone:SetKey(45,matrix,0,0,0,0,0,0)
matrix:delete()
matrix = matrix44:new()
matrix:set(1,0,0,0,0,0.0162249393761158,0.999868392944336,0,0,-0.999868392944336,0.0162249393761158,0,0,0,0,1)
bone:SetKey(50,matrix,0,0,0,0,0,0)
matrix:delete()
matrix = matrix44:new()
matrix:set(1,0,0,0,0,0.999998390674591,-0.001792826689779758,0,0,0.001792826689779758,0.999998390674591,0,0,0,0,1)
bone:SetKey(55,matrix,0,0,0,0,0,0)
matrix:delete()
matrix = matrix44:new()
matrix:set(1,0,0,0,0,0.9614263772964478,0.2750624716281891,0,0,-0.2750624716281891,0.9614263772964478,0,0,0,0,1)
bone:SetKey(60,matrix,0,0,0,0,0,0)
matrix:delete()
