CheckFileVersion(5)
scene = GetScene()
rootnode = scene:GetRootNode()
SetTotalFrames(20)
SetFrame(15)
SetFrameRate(24)
CloseAllViewports()
vp = CreateViewport()
vp:SetRect(0.00000000, 0.11770624, 0.34296876, 0.54728371)
vp:SetData1(0.7001535296440125, -10.2237606048584, -26.01243591308594)
vp:SetData2(0.3272492289543152, -0.3316125869750977, 0)
vp:SetData3(28.57242202758789, -3.60222053527832, -128.1811676025391)
vp:SetData4(0, 0, 0)
vp:SetData5(0, 0, 0.009999999776482582)
vp:SetProjection(6)
vp:SetDrawMode(5)
vp:SetDrawBF(0)
vp:SetDrawGrid(1)
RedrawViewports()
vp = CreateViewport()
vp:SetRect(0.34765625, 0.11569417, 0.32578126, 0.57344067)
vp:SetData1(0.9822028279304504, -9.690662384033203, -24.82498741149902)
vp:SetData2(0, 0, 0)
vp:SetData3(0, -30, -100)
vp:SetData4(0, 0, 0)
vp:SetData5(0.9822028279304504, -9.690662384033203, 0.06811320781707764)
vp:SetProjection(4)
vp:SetDrawMode(5)
vp:SetDrawBF(0)
vp:SetDrawGrid(1)
RedrawViewports()
vp = CreateViewport()
vp:SetRect(0.69140625, 0.11971831, 0.27109376, 0.52414489)
vp:SetData1(0, -30, -100)
vp:SetData2(0, 0, 0)
vp:SetData3(0, -30, -100)
vp:SetData4(0, 0, 0)
vp:SetData5(-9.690662384033203, -1.608510375022888, 0.07460437715053558)
vp:SetProjection(2)
vp:SetDrawMode(5)
vp:SetDrawBF(0)
vp:SetDrawGrid(1)
RedrawViewports()
vp = CreateViewport()
vp:SetRect(0.68750000, 0.66700202, 0.26718751, 0.29678068)
vp:SetData1(0, -30, -100)
vp:SetData2(0, 0, 0)
vp:SetData3(0, -30, -100)
vp:SetData4(0, 0, 0)
vp:SetData5(0.3054481744766235, -0.5669724345207214, 0.06152638420462608)
vp:SetProjection(0)
vp:SetDrawMode(5)
vp:SetDrawBF(0)
vp:SetDrawGrid(1)
RedrawViewports()
mat = AddTexture("man_elp.bmp")
if (mat) then mat:SetId(1) else print("Texture not found: man_elp.bmp") end
bone = scene:CreateBone()
bone:SetName("Joint1")
bone:SetColor(1, 1, 1)
bone:SetIKChainEnd(0)
bone:SetIKWeight(1)
bone:SetXConstraints(0, 0, 0)
bone:SetYConstraints(0, 0, 0)
bone:SetZConstraints(0, 0, 0)
matrix = matrix44:new()
matrix:set(1,0,0,0,0,1,0,0,0,0,1,0,-0.04565617814660072,12.59918308258057,-0.5906848311424255,1)
bone:SetMatrix(matrix)
matrix:delete()
matrix = matrix44:new()
matrix:set(1,0,0,0,0,1,0,0,0,0,1,0,0,0,0,1)
bone:SetKey(1,matrix,0,0,0,0,0,0)
matrix:delete()
matrix = matrix44:new()
matrix:set(1,0,0,0,0,1,0,0,0,0,1,0,0,-0.8897180557250977,0.09357035160064697,1)
bone:SetKey(5,matrix,0,0,0,0,0,0)
matrix:delete()
matrix = matrix44:new()
matrix:set(1,0,0,0,0,1,0,0,0,0,1,0,0,-0.8897180557250977,0.09357035160064697,1)
bone:SetKey(8,matrix,0,0,0,0,0,0)
matrix:delete()
matrix = matrix44:new()
matrix:set(1,0,0,0,0,1,0,0,0,0,1,0,0,-0.8897180557250977,0.09357035160064697,1)
bone:SetKey(12,matrix,0,0,0,0,0,0)
matrix:delete()
matrix = matrix44:new()
matrix:set(1,0,0,0,0,1,0,0,0,0,1,0,0,-0.8897180557250977,0.09357035160064697,1)
bone:SetKey(15,matrix,0,0,0,0,0,0)
matrix:delete()
matrix = matrix44:new()
matrix:set(1,0,0,0,0,1,0,0,0,0,1,0,0,-0.8897180557250977,0.09357035160064697,1)
bone:SetKey(19,matrix,0,0,0,0,0,0)
matrix:delete()
bone:SetId(1)
bone1 = bone
rootnode:AttachChild(bone)
bone = scene:CreateBone()
bone:SetName("Joint2")
bone:SetColor(1, 1, 1)
bone:SetIKChainEnd(1)
bone:SetIKWeight(1)
bone:SetXConstraints(0, 0, 0)
bone:SetYConstraints(0, 0, 0)
bone:SetZConstraints(0, 0, 0)
matrix = matrix44:new()
matrix:set(1,0,0,0,0,1,0,0,0,0,1,0,0.05509097874164581,-3.578080177307129,0,1)
bone:SetMatrix(matrix)
matrix:delete()
matrix = matrix44:new()
matrix:set(1,0,0,0,0,1,0,0,0,0,1,0,0,0,0,1)
bone:SetKey(1,matrix,0,0,0,0,0,0)
matrix:delete()
matrix = matrix44:new()
matrix:set(1,0,0,0,0,1,0,0,0,0,1,0,0,0,0,1)
bone:SetKey(5,matrix,0,0,0,0,0,0)
matrix:delete()
matrix = matrix44:new()
matrix:set(1,0,0,0,0,1,0,0,0,0,1,0,0,0,0,1)
bone:SetKey(8,matrix,0,0,0,0,0,0)
matrix:delete()
matrix = matrix44:new()
matrix:set(1,0,0,0,0,1,0,0,0,0,1,0,0,0,0,1)
bone:SetKey(12,matrix,0,0,0,0,0,0)
matrix:delete()
matrix = matrix44:new()
matrix:set(1,0,0,0,0,1,0,0,0,0,1,0,0,0,0,1)
bone:SetKey(15,matrix,0,0,0,0,0,0)
matrix:delete()
matrix = matrix44:new()
matrix:set(1,0,0,0,0,1,0,0,0,0,1,0,0,0,0,1)
bone:SetKey(19,matrix,0,0,0,0,0,0)
matrix:delete()
bone:SetId(2)
bone2 = bone
bone1:AttachChild(bone)
bone = scene:CreateBone()
bone:SetName("Joint3")
bone:SetColor(1, 1, 1)
bone:SetIKChainEnd(1)
bone:SetIKWeight(1)
bone:SetXConstraints(0, 0, 0)
bone:SetYConstraints(0, 0, 0)
bone:SetZConstraints(0, 0, 0)
matrix = matrix44:new()
matrix:set(1,0,0,0,0,1,0,0,0,0,1,0,1.417242407798767,-0.09709548950195312,0,1)
bone:SetMatrix(matrix)
matrix:delete()
matrix = matrix44:new()
matrix:set(1,0,0,0,0,1,0,0,0,0,1,0,0,0,0,1)
bone:SetKey(1,matrix,0,0,0,0,0,0)
matrix:delete()
matrix = matrix44:new()
matrix:set(0.9999961256980896,0.002707142615690827,-0.0007577627548016608,0,-0.00269494391977787,0.8464455008506775,-0.5324685573577881,0,-0.0008000636007636786,0.5324684977531433,0.8464493751525879,0,0,0,0,1)
bone:SetKey(5,matrix,0,0,0,0,0,0)
matrix:delete()
matrix = matrix44:new()
matrix:set(0.9999961256980896,0.002707142615690827,-0.0007577627548016608,0,-0.00269494391977787,0.8464455008506775,-0.5324685573577881,0,-0.0008000636007636786,0.5324684977531433,0.8464493751525879,0,0,0,0,1)
bone:SetKey(8,matrix,0,0,0,0,0,0)
matrix:delete()
matrix = matrix44:new()
matrix:set(0.9999961256980896,0.002707142615690827,-0.0007577627548016608,0,-0.00269494391977787,0.8464455008506775,-0.5324685573577881,0,-0.0008000636007636786,0.5324684977531433,0.8464493751525879,0,0,0,0,1)
bone:SetKey(12,matrix,0,0,0,0,0,0)
matrix:delete()
matrix = matrix44:new()
matrix:set(0.9999960660934448,0.002707141917198896,-0.0007577625219710171,0,-0.002694943454116583,0.8464455008506775,-0.5324685573577881,0,-0.000800063309725374,0.5324684381484985,0.8464494347572327,0,0,0,0,1)
bone:SetKey(15,matrix,0,0,0,0,0,0)
matrix:delete()
matrix = matrix44:new()
matrix:set(0.9999961256980896,0.002707142615690827,-0.0007577627548016608,0,-0.00269494391977787,0.8464455008506775,-0.5324685573577881,0,-0.0008000636007636786,0.5324684977531433,0.8464493751525879,0,0,0,0,1)
bone:SetKey(19,matrix,0,0,0,0,0,0)
matrix:delete()
bone:SetId(3)
bone3 = bone
bone2:AttachChild(bone)
bone = scene:CreateBone()
bone:SetName("Joint4")
bone:SetColor(1, 1, 1)
bone:SetIKChainEnd(0)
bone:SetIKWeight(1)
bone:SetXConstraints(0, 0, 0)
bone:SetYConstraints(0, 0, 0)
bone:SetZConstraints(0, 0, 0)
matrix = matrix44:new()
matrix:set(1,0,0,0,0,1,0,0,0,0,1,0,-0.0002701282501220703,-3.598878383636475,0,1)
bone:SetMatrix(matrix)
matrix:delete()
matrix = matrix44:new()
matrix:set(1,0,0,0,0,1,0,0,0,0,1,0,0,0,0,1)
bone:SetKey(1,matrix,0,0,0,0,0,0)
matrix:delete()
matrix = matrix44:new()
matrix:set(0.9999848604202271,-0.004134385380893946,-0.003632202744483948,0,0.005339111667126417,0.8888410329818726,0.4581846296787262,0,0.001334138447418809,-0.4581970572471619,0.8888495564460754,0,0,0,0,1)
bone:SetKey(5,matrix,0,0,0,0,0,0)
matrix:delete()
matrix = matrix44:new()
matrix:set(0.9999848604202271,-0.004134385380893946,-0.003632202744483948,0,0.005339111667126417,0.8888410329818726,0.4581846296787262,0,0.001334138447418809,-0.4581970572471619,0.8888495564460754,0,0,0,0,1)
bone:SetKey(8,matrix,0,0,0,0,0,0)
matrix:delete()
matrix = matrix44:new()
matrix:set(0.9999848604202271,-0.004134385380893946,-0.003632202744483948,0,0.005339111667126417,0.8888410329818726,0.4581846296787262,0,0.001334138447418809,-0.4581970572471619,0.8888495564460754,0,0,0,0,1)
bone:SetKey(12,matrix,0,0,0,0,0,0)
matrix:delete()
matrix = matrix44:new()
matrix:set(0.9999848604202271,-0.004134387709200382,-0.003632205072790384,0,0.005339114926755428,0.888840913772583,0.4581848680973053,0,0.001334138796664774,-0.458197295665741,0.8888494968414307,0,0,0,0,1)
bone:SetKey(15,matrix,0,0,0,0,0,0)
matrix:delete()
matrix = matrix44:new()
matrix:set(0.9999848604202271,-0.004134385380893946,-0.003632202744483948,0,0.005339111667126417,0.8888410329818726,0.4581846296787262,0,0.001334138447418809,-0.4581970572471619,0.8888495564460754,0,0,0,0,1)
bone:SetKey(19,matrix,0,0,0,0,0,0)
matrix:delete()
bone:SetId(4)
bone4 = bone
bone3:AttachChild(bone)
bone = scene:CreateBone()
bone:SetName("Joint5")
bone:SetColor(1, 1, 1)
bone:SetIKChainEnd(0)
bone:SetIKWeight(1)
bone:SetXConstraints(0, 0, 0)
bone:SetYConstraints(0, 0, 0)
bone:SetZConstraints(0, 0, 0)
matrix = matrix44:new()
matrix:set(1,0,0,0,0,1,0,0,0,0,1,0,-0.004996180534362793,-4.010095119476318,0,1)
bone:SetMatrix(matrix)
matrix:delete()
matrix = matrix44:new()
matrix:set(1,0,0,0,0,1,0,0,0,0,1,0,0,0,0,1)
bone:SetKey(1,matrix,0,0,0,0,0,0)
matrix:delete()
matrix = matrix44:new()
matrix:set(1,0,0,0,0,1,0,0,0,0,1,0,0,0,0,1)
bone:SetKey(5,matrix,0,0,0,0,0,0)
matrix:delete()
matrix = matrix44:new()
matrix:set(1,0,0,0,0,1,0,0,0,0,1,0,0,0,0,1)
bone:SetKey(8,matrix,0,0,0,0,0,0)
matrix:delete()
matrix = matrix44:new()
matrix:set(1,0,0,0,0,1,0,0,0,0,1,0,0,0,0,1)
bone:SetKey(12,matrix,0,0,0,0,0,0)
matrix:delete()
matrix = matrix44:new()
matrix:set(1,0,0,0,0,1,0,0,0,0,1,0,0,0,0,1)
bone:SetKey(15,matrix,0,0,0,0,0,0)
matrix:delete()
matrix = matrix44:new()
matrix:set(1,0,0,0,0,1,0,0,0,0,1,0,0,0,0,1)
bone:SetKey(19,matrix,0,0,0,0,0,0)
matrix:delete()
bone:SetId(5)
bone5 = bone
bone4:AttachChild(bone)
bone = scene:CreateBone()
bone:SetName("Joint6")
bone:SetColor(1, 1, 1)
bone:SetIKChainEnd(1)
bone:SetIKWeight(1)
bone:SetXConstraints(0, 0, 0)
bone:SetYConstraints(0, 0, 0)
bone:SetZConstraints(0, 0, 0)
matrix = matrix44:new()
matrix:set(1,0,0,0,0,1,0,0,0,0,1,0,-1.432365536689758,-0.05504703521728516,0,1)
bone:SetMatrix(matrix)
matrix:delete()
matrix = matrix44:new()
matrix:set(1,0,0,0,0,1,0,0,0,0,1,0,0,0,0,1)
bone:SetKey(1,matrix,0,0,0,0,0,0)
matrix:delete()
matrix = matrix44:new()
matrix:set(1,0,0,0,0,0.98729008436203,0.1589286476373672,0,0,-0.1589286476373672,0.98729008436203,0,0,0,0,1)
bone:SetKey(5,matrix,0,0,0,0,0,0)
matrix:delete()
matrix = matrix44:new()
matrix:set(1,0,0,0,0,0.98729008436203,0.1589286476373672,0,0,-0.1589286476373672,0.98729008436203,0,0,0,0,1)
bone:SetKey(8,matrix,0,0,0,0,0,0)
matrix:delete()
matrix = matrix44:new()
matrix:set(1,0,0,0,0,0.98729008436203,0.1589286476373672,0,0,-0.1589286476373672,0.98729008436203,0,0,0,0,1)
bone:SetKey(12,matrix,0,0,0,0,0,0)
matrix:delete()
matrix = matrix44:new()
matrix:set(1,0,0,0,0,0.9872899055480957,0.1589297205209732,0,0,-0.1589297205209732,0.9872899055480957,0,0,0,0,1)
bone:SetKey(15,matrix,0,0,0,0,0,0)
matrix:delete()
matrix = matrix44:new()
matrix:set(1,0,0,0,0,0.98729008436203,0.1589286476373672,0,0,-0.1589286476373672,0.98729008436203,0,0,0,0,1)
bone:SetKey(19,matrix,0,0,0,0,0,0)
matrix:delete()
bone:SetId(6)
bone6 = bone
bone2:AttachChild(bone)
bone = scene:CreateBone()
bone:SetName("Joint7")
bone:SetColor(1, 1, 1)
bone:SetIKChainEnd(0)
bone:SetIKWeight(1)
bone:SetXConstraints(0, 0, 0)
bone:SetYConstraints(0, 0, 0)
bone:SetZConstraints(0, 0, 0)
matrix = matrix44:new()
matrix:set(1,0,0,0,0,1,0,0,0,0,1,0,0,-3.688175201416016,0,1)
bone:SetMatrix(matrix)
matrix:delete()
matrix = matrix44:new()
matrix:set(1,0,0,0,0,1,0,0,0,0,1,0,0,0,0,1)
bone:SetKey(1,matrix,0,0,0,0,0,0)
matrix:delete()
matrix = matrix44:new()
matrix:set(1,0,0,0,0,0.9324271678924561,0.3613579571247101,0,0,-0.3613579571247101,0.9324271678924561,0,0,0,0,1)
bone:SetKey(5,matrix,0,0,0,0,0,0)
matrix:delete()
matrix = matrix44:new()
matrix:set(1,0,0,0,0,0.9324271678924561,0.3613579571247101,0,0,-0.3613579571247101,0.9324271678924561,0,0,0,0,1)
bone:SetKey(8,matrix,0,0,0,0,0,0)
matrix:delete()
matrix = matrix44:new()
matrix:set(1,0,0,0,0,0.9324271678924561,0.3613579571247101,0,0,-0.3613579571247101,0.9324271678924561,0,0,0,0,1)
bone:SetKey(12,matrix,0,0,0,0,0,0)
matrix:delete()
matrix = matrix44:new()
matrix:set(1,0,0,0,0,0.9324272274971008,0.3613578081130981,0,0,-0.3613578081130981,0.9324272274971008,0,0,0,0,1)
bone:SetKey(15,matrix,0,0,0,0,0,0)
matrix:delete()
matrix = matrix44:new()
matrix:set(1,0,0,0,0,0.9324271678924561,0.3613579571247101,0,0,-0.3613579571247101,0.9324271678924561,0,0,0,0,1)
bone:SetKey(19,matrix,0,0,0,0,0,0)
matrix:delete()
bone:SetId(7)
bone7 = bone
bone6:AttachChild(bone)
bone = scene:CreateBone()
bone:SetName("Joint8")
bone:SetColor(1, 1, 1)
bone:SetIKChainEnd(0)
bone:SetIKWeight(1)
bone:SetXConstraints(0, 0, 0)
bone:SetYConstraints(0, 0, 0)
bone:SetZConstraints(0, 0, 0)
matrix = matrix44:new()
matrix:set(1,0,0,0,0,1,0,0,0,0,1,0,0,-3.908364534378052,0,1)
bone:SetMatrix(matrix)
matrix:delete()
matrix = matrix44:new()
matrix:set(1,0,0,0,0,1,0,0,0,0,1,0,0,0,0,1)
bone:SetKey(1,matrix,0,0,0,0,0,0)
matrix:delete()
matrix = matrix44:new()
matrix:set(1,0,0,0,0,1,0,0,0,0,1,0,0,0,0,1)
bone:SetKey(5,matrix,0,0,0,0,0,0)
matrix:delete()
matrix = matrix44:new()
matrix:set(1,0,0,0,0,1,0,0,0,0,1,0,0,0,0,1)
bone:SetKey(8,matrix,0,0,0,0,0,0)
matrix:delete()
matrix = matrix44:new()
matrix:set(1,0,0,0,0,1,0,0,0,0,1,0,0,0,0,1)
bone:SetKey(12,matrix,0,0,0,0,0,0)
matrix:delete()
matrix = matrix44:new()
matrix:set(1,0,0,0,0,1,0,0,0,0,1,0,0,0,0,1)
bone:SetKey(15,matrix,0,0,0,0,0,0)
matrix:delete()
matrix = matrix44:new()
matrix:set(1,0,0,0,0,1,0,0,0,0,1,0,0,0,0,1)
bone:SetKey(19,matrix,0,0,0,0,0,0)
matrix:delete()
bone:SetId(8)
bone8 = bone
bone7:AttachChild(bone)
bone = scene:CreateBone()
bone:SetName("Joint9")
bone:SetColor(1, 1, 1)
bone:SetIKChainEnd(1)
bone:SetIKWeight(1)
bone:SetXConstraints(0, 0, 0)
bone:SetYConstraints(0, 0, 0)
bone:SetZConstraints(0, 0, 0)
matrix = matrix44:new()
matrix:set(1,0,0,0,0,1,0,0,0,0,1,0,0.1101819574832916,3.853318214416504,0,1)
bone:SetMatrix(matrix)
matrix:delete()
matrix = matrix44:new()
matrix:set(1,0,0,0,0,1,0,0,0,0,1,0,0,0,0,1)
bone:SetKey(1,matrix,0,0,0,0,0,0)
matrix:delete()
matrix = matrix44:new()
matrix:set(1,0,0,0,0,1,0,0,0,0,1,0,0,0,0,1)
bone:SetKey(5,matrix,0,0,0,0,0,0)
matrix:delete()
matrix = matrix44:new()
matrix:set(1,0,0,0,0,0.976158082485199,0.2170607149600983,0,0,-0.2170607149600983,0.976158082485199,0,0,0,0,1)
bone:SetKey(8,matrix,0,0,0,0,0,0)
matrix:delete()
matrix = matrix44:new()
matrix:set(1,0,0,0,0,0.976158082485199,0.2170607149600983,0,0,-0.2170607149600983,0.976158082485199,0,0,0,0,1)
bone:SetKey(12,matrix,0,0,0,0,0,0)
matrix:delete()
matrix = matrix44:new()
matrix:set(1,0,0,0,0,0.9945399165153503,0.104357086122036,0,0,-0.104357086122036,0.9945399165153503,0,0,0,0,1)
bone:SetKey(15,matrix,0,0,0,0,0,0)
matrix:delete()
matrix = matrix44:new()
matrix:set(1,0,0,0,0,1,0,0,0,0,1,0,0,0,0,1)
bone:SetKey(19,matrix,0,0,0,0,0,0)
matrix:delete()
bone:SetId(9)
bone9 = bone
bone1:AttachChild(bone)
bone = scene:CreateBone()
bone:SetName("Joint10")
bone:SetColor(1, 1, 1)
bone:SetIKChainEnd(0)
bone:SetIKWeight(1)
bone:SetXConstraints(0, 0, 0)
bone:SetYConstraints(0, 0, 0)
bone:SetZConstraints(0, 0, 0)
matrix = matrix44:new()
matrix:set(1,0,0,0,0,1,0,0,0,0,1,0,0,1.70646858215332,0,1)
bone:SetMatrix(matrix)
matrix:delete()
matrix = matrix44:new()
matrix:set(1,0,0,0,0,1,0,0,0,0,1,0,0,0,0,1)
bone:SetKey(1,matrix,0,0,0,0,0,0)
matrix:delete()
matrix = matrix44:new()
matrix:set(1,0,0,0,0,1,0,0,0,0,1,0,0,0,0,1)
bone:SetKey(5,matrix,0,0,0,0,0,0)
matrix:delete()
matrix = matrix44:new()
matrix:set(1,0,0,0,0,1,0,0,0,0,1,0,0,0,0,1)
bone:SetKey(8,matrix,0,0,0,0,0,0)
matrix:delete()
matrix = matrix44:new()
matrix:set(1,0,0,0,0,1,0,0,0,0,1,0,0,0,0,1)
bone:SetKey(12,matrix,0,0,0,0,0,0)
matrix:delete()
matrix = matrix44:new()
matrix:set(1,0,0,0,0,1,0,0,0,0,1,0,0,0,0,1)
bone:SetKey(15,matrix,0,0,0,0,0,0)
matrix:delete()
matrix = matrix44:new()
matrix:set(1,0,0,0,0,1,0,0,0,0,1,0,0,0,0,1)
bone:SetKey(19,matrix,0,0,0,0,0,0)
matrix:delete()
bone:SetId(10)
bone10 = bone
bone9:AttachChild(bone)
bone = scene:CreateBone()
bone:SetName("Joint11")
bone:SetColor(1, 1, 1)
bone:SetIKChainEnd(0)
bone:SetIKWeight(1)
bone:SetXConstraints(0, 0, 0)
bone:SetYConstraints(0, 0, 0)
bone:SetZConstraints(0, 0, 0)
matrix = matrix44:new()
matrix:set(1,0,0,0,0,1,0,0,0,0,1,0,-0.05509098246693611,1.541326522827148,0,1)
bone:SetMatrix(matrix)
matrix:delete()
matrix = matrix44:new()
matrix:set(1,0,0,0,0,1,0,0,0,0,1,0,0,0,0,1)
bone:SetKey(1,matrix,0,0,0,0,0,0)
matrix:delete()
matrix = matrix44:new()
matrix:set(1,0,0,0,0,1,0,0,0,0,1,0,0,0,0,1)
bone:SetKey(5,matrix,0,0,0,0,0,0)
matrix:delete()
matrix = matrix44:new()
matrix:set(1,0,0,0,0,1,0,0,0,0,1,0,0,0,0,1)
bone:SetKey(8,matrix,0,0,0,0,0,0)
matrix:delete()
matrix = matrix44:new()
matrix:set(1,0,0,0,0,1,0,0,0,0,1,0,0,0,0,1)
bone:SetKey(12,matrix,0,0,0,0,0,0)
matrix:delete()
matrix = matrix44:new()
matrix:set(1,0,0,0,0,1,0,0,0,0,1,0,0,0,0,1)
bone:SetKey(15,matrix,0,0,0,0,0,0)
matrix:delete()
matrix = matrix44:new()
matrix:set(1,0,0,0,0,1,0,0,0,0,1,0,0,0,0,1)
bone:SetKey(19,matrix,0,0,0,0,0,0)
matrix:delete()
bone:SetId(11)
bone11 = bone
bone10:AttachChild(bone)
bone = scene:CreateBone()
bone:SetName("Joint12")
bone:SetColor(1, 1, 1)
bone:SetIKChainEnd(1)
bone:SetIKWeight(1)
bone:SetXConstraints(0, 0, 0)
bone:SetYConstraints(0, 0, 0)
bone:SetZConstraints(0, 0, 0)
matrix = matrix44:new()
matrix:set(1,0,0,0,0,1,0,0,0,0,1,0,3.636004686355591,-1.651422500610352,0,1)
bone:SetMatrix(matrix)
matrix:delete()
matrix = matrix44:new()
matrix:set(1,0,0,0,0,1,0,0,0,0,1,0,0,0,0,1)
bone:SetKey(1,matrix,0,0,0,0,0,0)
matrix:delete()
matrix = matrix44:new()
matrix:set(0.9987794756889343,0.04268998652696609,-0.02484220825135708,0,-0.04315457493066788,0.9988975524902344,-0.01847588270902634,0,0.02402608469128609,0.01952538639307022,0.9995205998420715,0,0,0,0,1)
bone:SetKey(5,matrix,0,0,0,0,0,0)
matrix:delete()
matrix = matrix44:new()
matrix:set(0.9925895929336548,0.1213685050606728,0.005953296087682247,0,-0.09716209024190903,0.7632927894592285,0.6387045383453369,0,0.07297451049089432,-0.6345500349998474,0.7694289684295654,0,0,0,0,1)
bone:SetKey(8,matrix,0,0,0,0,0,0)
matrix:delete()
matrix = matrix44:new()
matrix:set(0.9956329464912415,0.0894722118973732,-0.02664098143577576,0,-0.07740996778011322,0.9507623910903931,0.300097644329071,0,0.05217964202165604,-0.2967248260974884,0.953536331653595,0,0,0,0,1)
bone:SetKey(12,matrix,0,0,0,0,0,0)
matrix:delete()
matrix = matrix44:new()
matrix:set(0.9996592998504639,0.01877635344862938,-0.01813100092113018,0,-0.01934024319052696,0.9993184208869934,-0.03144221007823944,0,0.01752825267612934,0.03178216516971588,0.9993410706520081,0,0,0,0,1)
bone:SetKey(15,matrix,0,0,0,0,0,0)
matrix:delete()
matrix = matrix44:new()
matrix:set(0.9987794756889343,0.04268998652696609,-0.02484220825135708,0,-0.04315457493066788,0.9988975524902344,-0.01847588270902634,0,0.02402608469128609,0.01952538639307022,0.9995205998420715,0,0,0,0,1)
bone:SetKey(19,matrix,0,0,0,0,0,0)
matrix:delete()
bone:SetId(12)
bone12 = bone
bone9:AttachChild(bone)
bone = scene:CreateBone()
bone:SetName("Joint13")
bone:SetColor(1, 1, 1)
bone:SetIKChainEnd(0)
bone:SetIKWeight(1)
bone:SetXConstraints(0, 0, 0)
bone:SetYConstraints(0, 0, 0)
bone:SetZConstraints(0, 0, 0)
matrix = matrix44:new()
matrix:set(1,0,0,0,0,1,0,0,0,0,1,0,0.2203638553619385,-2.972558975219727,0,1)
bone:SetMatrix(matrix)
matrix:delete()
matrix = matrix44:new()
matrix:set(1,0,0,0,0,1,0,0,0,0,1,0,0,0,0,1)
bone:SetKey(1,matrix,0,0,0,0,0,0)
matrix:delete()
matrix = matrix44:new()
matrix:set(0.9952713847160339,-0.07312682271003723,0.06393259763717651,0,0.09696830064058304,0.7096489667892456,-0.6978506445884705,0,0.005661909468472004,0.7007501721382141,0.713384211063385,0,0,0,0,1)
bone:SetKey(5,matrix,0,0,0,0,0,0)
matrix:delete()
matrix = matrix44:new()
matrix:set(0.9723684787750244,-0.1646186262369156,0.1655299067497253,0,0.2227115333080292,0.8667126893997192,-0.4463279843330383,0,-0.06999298185110092,0.4708606898784637,0.8794265985488892,0,0,0,0,1)
bone:SetKey(8,matrix,0,0,0,0,0,0)
matrix:delete()
matrix = matrix44:new()
matrix:set(0.9856628775596619,-0.1154246777296066,0.1230684891343117,0,0.1687193512916565,0.6674348115921021,-0.7253031730651855,0,0.001577702700160444,0.735668420791626,0.677340030670166,0,0,0,0,1)
bone:SetKey(12,matrix,0,0,0,0,0,0)
matrix:delete()
matrix = matrix44:new()
matrix:set(0.9986678957939148,-0.0256938524544239,0.04474608600139618,0,0.04461208358407021,0.8656927347183228,-0.4985838532447815,0,-0.02592582628130913,0.4999159276485443,0.8656858205795288,0,0,0,0,1)
bone:SetKey(15,matrix,0,0,0,0,0,0)
matrix:delete()
matrix = matrix44:new()
matrix:set(0.9952713847160339,-0.07312682271003723,0.06393259763717651,0,0.09696830064058304,0.7096489667892456,-0.6978506445884705,0,0.005661909468472004,0.7007501721382141,0.713384211063385,0,0,0,0,1)
bone:SetKey(19,matrix,0,0,0,0,0,0)
matrix:delete()
bone:SetId(13)
bone13 = bone
bone12:AttachChild(bone)
bone = scene:CreateBone()
bone:SetName("Joint14")
bone:SetColor(1, 1, 1)
bone:SetIKChainEnd(0)
bone:SetIKWeight(1)
bone:SetXConstraints(0, 0, 0)
bone:SetYConstraints(0, 0, 0)
bone:SetZConstraints(0, 0, 0)
matrix = matrix44:new()
matrix:set(1,0,0,0,0,1,0,0,0,0,1,0,0,-3.261786460876465,0.0343737006187439,1)
bone:SetMatrix(matrix)
matrix:delete()
matrix = matrix44:new()
matrix:set(1,0,0,0,0,1,0,0,0,0,1,0,0,0,0,1)
bone:SetKey(1,matrix,0,0,0,0,0,0)
matrix:delete()
matrix = matrix44:new()
matrix:set(1,0,0,0,0,1,0,0,0,0,1,0,0,0,0,1)
bone:SetKey(5,matrix,0,0,0,0,0,0)
matrix:delete()
matrix = matrix44:new()
matrix:set(1,0,0,0,0,1,0,0,0,0,1,0,0,0,0,1)
bone:SetKey(8,matrix,0,0,0,0,0,0)
matrix:delete()
matrix = matrix44:new()
matrix:set(1,0,0,0,0,1,0,0,0,0,1,0,0,0,0,1)
bone:SetKey(12,matrix,0,0,0,0,0,0)
matrix:delete()
matrix = matrix44:new()
matrix:set(1,0,0,0,0,1,0,0,0,0,1,0,0,0,0,1)
bone:SetKey(15,matrix,0,0,0,0,0,0)
matrix:delete()
matrix = matrix44:new()
matrix:set(1,0,0,0,0,1,0,0,0,0,1,0,0,0,0,1)
bone:SetKey(19,matrix,0,0,0,0,0,0)
matrix:delete()
bone:SetId(14)
bone14 = bone
bone13:AttachChild(bone)
bone = scene:CreateBone()
bone:SetName("Joint15")
bone:SetColor(1, 1, 1)
bone:SetIKChainEnd(0)
bone:SetIKWeight(1)
bone:SetXConstraints(0, 0, 0)
bone:SetYConstraints(0, 0, 0)
bone:SetZConstraints(0, 0, 0)
matrix = matrix44:new()
matrix:set(1,0,0,0,0,1,0,0,0,0,1,0,0.03417873382568359,-0.04704093933105469,9.173075675964355,1)
bone:SetMatrix(matrix)
matrix:delete()
matrix = matrix44:new()
matrix:set(1,0,0,0,0,1,0,0,0,0,1,0,0,0,0,1)
bone:SetKey(1,matrix,0,0,0,0,0,0)
matrix:delete()
matrix = matrix44:new()
matrix:set(1,0,0,0,0,1,0,0,0,0,1,0,0,0,0,1)
bone:SetKey(5,matrix,0,0,0,0,0,0)
matrix:delete()
matrix = matrix44:new()
matrix:set(1,0,0,0,0,1,0,0,0,0,1,0,0,0,0,1)
bone:SetKey(8,matrix,0,0,0,0,0,0)
matrix:delete()
matrix = matrix44:new()
matrix:set(1,0,0,0,0,1,0,0,0,0,1,0,0,0,0,1)
bone:SetKey(12,matrix,0,0,0,0,0,0)
matrix:delete()
matrix = matrix44:new()
matrix:set(1,0,0,0,0,1,0,0,0,0,1,0,0,0,0,1)
bone:SetKey(15,matrix,0,0,0,0,0,0)
matrix:delete()
matrix = matrix44:new()
matrix:set(1,0,0,0,0,1,0,0,0,0,1,0,0,0,0,1)
bone:SetKey(19,matrix,0,0,0,0,0,0)
matrix:delete()
bone:SetId(15)
bone15 = bone
bone14:AttachChild(bone)
bone = scene:CreateBone()
bone:SetName("Joint16")
bone:SetColor(1, 1, 1)
bone:SetIKChainEnd(1)
bone:SetIKWeight(1)
bone:SetXConstraints(0, 0, 0)
bone:SetYConstraints(0, 0, 0)
bone:SetZConstraints(0, 0, 0)
matrix = matrix44:new()
matrix:set(1,0,0,0,0,1,0,0,0,0,1,0,-4.058466911315918,-1.596112251281738,0,1)
bone:SetMatrix(matrix)
matrix:delete()
matrix = matrix44:new()
matrix:set(1,0,0,0,0,1,0,0,0,0,1,0,0,0,0,1)
bone:SetKey(1,matrix,0,0,0,0,0,0)
matrix:delete()
matrix = matrix44:new()
matrix:set(0.9143629670143127,-0.2917366623878479,-0.2807669937610626,0,0.3801414966583252,0.3798003196716309,0.8433528542518616,0,-0.1394015699625015,-0.8778618574142456,0.4581765830516815,0,0,0,0,1)
bone:SetKey(5,matrix,0,0,0,0,0,0)
matrix:delete()
matrix = matrix44:new()
matrix:set(0.9963575005531311,0.08247123658657074,0.02168608829379082,0,-0.03672497719526291,0.6445062160491943,-0.7637166976928711,0,-0.07696147263050079,0.7601383328437805,0.6451872587203979,0,0,0,0,1)
bone:SetKey(8,matrix,0,0,0,0,0,0)
matrix:delete()
matrix = matrix44:new()
matrix:set(0.8447980284690857,0.2239384651184082,-0.4859710037708282,0,-0.5290858745574951,0.4852126836776733,-0.6961586475372314,0,0.07990254461765289,0.8452339172363281,0.5283893346786499,0,0,0,0,1)
bone:SetKey(12,matrix,0,0,0,0,0,0)
matrix:delete()
matrix = matrix44:new()
matrix:set(0.9802376627922058,-0.1784021854400635,0.08548010140657425,0,0.1830800175666809,0.6544299125671387,-0.7336233854293823,0,0.07493925839662552,0.7347748875617981,0.6741586923599243,0,0,0,0,1)
bone:SetKey(15,matrix,0,0,0,0,0,0)
matrix:delete()
matrix = matrix44:new()
matrix:set(0.9143629670143127,-0.2917366623878479,-0.2807669937610626,0,0.3801414966583252,0.3798003196716309,0.8433528542518616,0,-0.1394015699625015,-0.8778618574142456,0.4581765830516815,0,0,0,0,1)
bone:SetKey(19,matrix,0,0,0,0,0,0)
matrix:delete()
bone:SetId(16)
bone16 = bone
bone9:AttachChild(bone)
bone = scene:CreateBone()
bone:SetName("Joint17")
bone:SetColor(1, 1, 1)
bone:SetIKChainEnd(0)
bone:SetIKWeight(1)
bone:SetXConstraints(0, 0, 0)
bone:SetYConstraints(0, 0, 0)
bone:SetZConstraints(0, 0, 0)
matrix = matrix44:new()
matrix:set(1,0,0,0,0,1,0,0,0,0,1,0,-0.07574987411499023,-2.942661285400391,0,1)
bone:SetMatrix(matrix)
matrix:delete()
matrix = matrix44:new()
matrix:set(1,0,0,0,0,1,0,0,0,0,1,0,0,0,0,1)
bone:SetKey(1,matrix,0,0,0,0,0,0)
matrix:delete()
matrix = matrix44:new()
matrix:set(0.7258827686309814,0.5045600533485413,-0.467454195022583,0,-0.6745872497558594,0.389578253030777,-0.6270253658294678,0,-0.1342619210481644,0.7704854607582092,0.6231579184532166,0,0,0,0,1)
bone:SetKey(5,matrix,0,0,0,0,0,0)
matrix:delete()
matrix = matrix44:new()
matrix:set(0.9949459433555603,-0.09936264157295227,-0.01447833050042391,0,0.1004118844866753,0.9847015142440796,0.1424096673727036,0,0.0001066302647814155,-0.1431437283754349,0.9897018671035767,0,0,0,0,1)
bone:SetKey(8,matrix,0,0,0,0,0,0)
matrix:delete()
matrix = matrix44:new()
matrix:set(0.8705015778541565,0.3620239496231079,-0.3334152698516846,0,-0.435142308473587,0.8826491236686707,-0.1777120530605316,0,0.2299527227878571,0.2997817099094391,0.9258794784545898,0,0,0,0,1)
bone:SetKey(12,matrix,0,0,0,0,0,0)
matrix:delete()
matrix = matrix44:new()
matrix:set(0.7445316314697266,0.4310920834541321,-0.5097374320030212,0,-0.6521753072738647,0.6327991485595703,-0.4174118936061859,0,0.1426184326410294,0.6432144641876221,0.7522866129875183,0,0,0,0,1)
bone:SetKey(15,matrix,0,0,0,0,0,0)
matrix:delete()
matrix = matrix44:new()
matrix:set(0.7258827686309814,0.5045600533485413,-0.467454195022583,0,-0.6745872497558594,0.389578253030777,-0.6270253658294678,0,-0.1342619210481644,0.7704854607582092,0.6231579184532166,0,0,0,0,1)
bone:SetKey(19,matrix,0,0,0,0,0,0)
matrix:delete()
bone:SetId(17)
bone17 = bone
bone16:AttachChild(bone)
bone = scene:CreateBone()
bone:SetName("Joint18")
bone:SetColor(1, 1, 1)
bone:SetIKChainEnd(0)
bone:SetIKWeight(1)
bone:SetXConstraints(0, 0, 0)
bone:SetYConstraints(0, 0, 0)
bone:SetZConstraints(0, 0, 0)
matrix = matrix44:new()
matrix:set(1,0,0,0,0,1,0,0,0,0,1,0,0.2352841943502426,-3.685409545898438,0.2753719389438629,1)
bone:SetMatrix(matrix)
matrix:delete()
matrix = matrix44:new()
matrix:set(1,0,0,0,0,1,0,0,0,0,1,0,0,0,0,1)
bone:SetKey(1,matrix,0,0,0,0,0,0)
matrix:delete()
matrix = matrix44:new()
matrix:set(1,0,0,0,0,1,0,0,0,0,1,0,0,0,0,1)
bone:SetKey(5,matrix,0,0,0,0,0,0)
matrix:delete()
matrix = matrix44:new()
matrix:set(0.9981641173362732,0.02247439883649349,-0.05624286457896233,0,0.01762070506811142,0.7806828618049622,0.6246789693832397,0,0.05794712528586388,-0.6245232224464417,0.7788535952568054,0,0,0,0,1)
bone:SetKey(8,matrix,0,0,0,0,0,0)
matrix:delete()
matrix = matrix44:new()
matrix:set(0.6373540759086609,0.2337483465671539,-0.7342626452445984,0,0.01864450797438622,0.9479241967201233,0.3179500699043274,0,0.7703455090522766,-0.2163367122411728,0.5998051166534424,0,0,0,0,1)
bone:SetKey(12,matrix,0,0,0,0,0,0)
matrix:delete()
matrix = matrix44:new()
matrix:set(0.5135142803192139,0.1386468261480331,-0.8468058109283447,0,0.6530948877334595,0.5769475102424622,0.4905085265636444,0,0.5565700531005859,-0.8049276471138,0.2057211995124817,0,0,0,0,1)
bone:SetKey(15,matrix,0,0,0,0,0,0)
matrix:delete()
matrix = matrix44:new()
matrix:set(1,0,0,0,0,1,0,0,0,0,1,0,0,0,0,1)
bone:SetKey(19,matrix,0,0,0,0,0,0)
matrix:delete()
bone:SetId(18)
bone18 = bone
bone17:AttachChild(bone)
bone = scene:CreateBone()
bone:SetName("Joint19")
bone:SetColor(1, 1, 1)
bone:SetIKChainEnd(0)
bone:SetIKWeight(1)
bone:SetXConstraints(0, 0, 0)
bone:SetYConstraints(0, 0, 0)
bone:SetZConstraints(0, 0, 0)
matrix = matrix44:new()
matrix:set(1,0,0,0,0,1,0,0,0,0,1,0,0.00221097469329834,-0.09271425008773804,4.348809242248535,1)
bone:SetMatrix(matrix)
matrix:delete()
matrix = matrix44:new()
matrix:set(1,0,0,0,0,1,0,0,0,0,1,0,0,0,0,1)
bone:SetKey(1,matrix,0,0,0,0,0,0)
matrix:delete()
matrix = matrix44:new()
matrix:set(1,0,0,0,0,1,0,0,0,0,1,0,0,0,0,1)
bone:SetKey(5,matrix,0,0,0,0,0,0)
matrix:delete()
matrix = matrix44:new()
matrix:set(1,0,0,0,0,1,0,0,0,0,1,0,0,0,0,1)
bone:SetKey(8,matrix,0,0,0,0,0,0)
matrix:delete()
matrix = matrix44:new()
matrix:set(1,0,0,0,0,1,0,0,0,0,1,0,0,0,0,1)
bone:SetKey(12,matrix,0,0,0,0,0,0)
matrix:delete()
matrix = matrix44:new()
matrix:set(1,0,0,0,0,1,0,0,0,0,1,0,0,0,0,1)
bone:SetKey(15,matrix,0,0,0,0,0,0)
matrix:delete()
matrix = matrix44:new()
matrix:set(1,0,0,0,0,1,0,0,0,0,1,0,0,0,0,1)
bone:SetKey(19,matrix,0,0,0,0,0,0)
matrix:delete()
bone:SetId(19)
bone19 = bone
bone18:AttachChild(bone)
mesh = scene:CreateMesh()
mesh:SetMaterial(1)
mesh:SetName("Mesh")
mesh:SetColor(1, 1, 1)
matrix = matrix44:new()
matrix:set(1,0,0,0,0,1,0,0,0,0,1,0,-0.02224016189575195,0.103448897600174,-0.02952155470848083,1)
mesh:SetMatrix(matrix)
matrix:delete()
v = fxVertex:new()
v:set(false,-3.765345573425293,7.899781703948975,3.818298578262329,1.592979076759141e-15,-0.9962049722671509,0.08703827112913132,0.6105164289474487,0.1698211282491684,-1,19,-1,18,0,0.9999999403953552,0,1)
v0 = mesh:AddVertex(v)
v:set(false,-3.765345573425293,8.184902191162109,4.843472003936768,1.343685633679176e-14,1.151730518952638e-14,1,0.5740366578102112,0.1582258194684982,-1,19,-1,18,0,1,0,1)
v1 = mesh:AddVertex(v)
v:set(false,-3.925345659255981,7.899781703948975,1.37829864025116,-0.8475157022476196,-0.5286640524864197,0.04723872244358063,0.6980366706848145,0.1929385960102081,-1,-1,-1,18,0,0,0,1)
v2 = mesh:AddVertex(v)
v:set(false,-3.765345573425293,8.470022201538086,3.818298578262329,1.592979076759141e-15,0.9962049722671509,0.08703827112913132,0.6052864193916321,0.1680515706539154,-1,19,-1,18,0,1,0,1)
v3 = mesh:AddVertex(v)
v:set(false,-3.605345487594604,8.470022201538086,1.37829864025116,0.8475157022476196,0.5286640524864197,0.04723872244358063,0.6958540081977844,0.1680515706539154,-1,-1,-1,18,0,0,0,1)
v4 = mesh:AddVertex(v)
v:set(false,-3.925345659255981,8.470022201538086,1.37829864025116,-0.8475157022476196,0.5286640524864197,0.04723872244358063,0.6950784921646118,0.179878443479538,-1,-1,-1,18,0,0,0,1)
v5 = mesh:AddVertex(v)
v:set(false,-3.605345487594604,7.899781703948975,1.37829864025116,0.8475157022476196,-0.5286640524864197,0.04723872244358063,0.6911025643348694,0.200137197971344,-1,-1,-1,18,0,0,0,1)
v6 = mesh:AddVertex(v)
v:set(false,-3.925345659255981,7.899781703948975,1.37829864025116,0,0,1,0.777908980846405,0.3461335003376007,-1,-1,-1,18,0,0,0,1)
v7 = mesh:AddVertex(v)
v:set(false,-3.925345659255981,7.042294979095459,1.37829864025116,0,0,1,0.8399492502212524,0.3461335003376007,-1,-1,-1,18,0,0,0,1)
v8 = mesh:AddVertex(v)
v:set(false,-3.605345487594604,7.899781703948975,1.37829864025116,0,0,1,0.777908980846405,0.3692859411239624,-1,-1,-1,18,0,0,0,1)
v9 = mesh:AddVertex(v)
v:set(false,-3.925345659255981,8.470022201538086,1.37829864025116,-1,0,0,0.7895001769065857,0.3909031748771667,-1,-1,-1,18,0,0,0,1)
v10 = mesh:AddVertex(v)
v:set(false,-3.925345659255981,8.01554012298584,1.031492829322815,-1,0,0,0.8223915696144104,0.3658754229545593,-1,-1,-1,18,0,0,0,1)
v11 = mesh:AddVertex(v)
v:set(false,-3.925345659255981,7.899781703948975,1.37829864025116,-1,0,0,0.8308777213096619,0.390996515750885,-1,-1,-1,18,0,0,0,1)
v12 = mesh:AddVertex(v)
v:set(false,-3.925345659255981,9.327508926391602,1.031492829322815,-1,0,0,0.7278969287872314,0.3654304444789886,-1,-1,-1,18,0,0,0,1)
v13 = mesh:AddVertex(v)
v:set(false,-3.925345659255981,8.354263305664062,1.031492829322815,-1,0,0,0.7979609966278076,0.3659123778343201,-1,-1,-1,18,0,0,0,1)
v14 = mesh:AddVertex(v)
v:set(false,-3.605345487594604,8.470022201538086,1.37829864025116,0,0,1,0.8337662220001221,0.364911288022995,-1,-1,-1,18,0,0,0,1)
v15 = mesh:AddVertex(v)
v:set(false,-3.605345487594604,9.327508926391602,1.37829864025116,0,0,1,0.8958065509796143,0.364911288022995,-1,-1,-1,18,0,0,0,1)
v16 = mesh:AddVertex(v)
v:set(false,-3.925345659255981,8.470022201538086,1.37829864025116,0,0,1,0.8337662220001221,0.3880636990070343,-1,-1,-1,18,0,0,0,1)
v17 = mesh:AddVertex(v)
v:set(false,-3.605345487594604,8.470022201538086,1.37829864025116,0.8475157022476196,0.5286640524864197,0.04723872244358063,0.6822469830513,0.2086982131004333,-1,-1,-1,18,0,0,0,1)
v18 = mesh:AddVertex(v)
v:set(false,-3.605345487594604,7.899781703948975,1.37829864025116,1,0,0,0.7952779531478882,0.3619968891143799,-1,-1,-1,18,0,0,0,1)
v19 = mesh:AddVertex(v)
v:set(false,-3.605345487594604,8.354263305664062,1.031492829322815,1,0,0,0.8281693458557129,0.3369691371917725,-1,-1,-1,18,0,0,0,1)
v20 = mesh:AddVertex(v)
v:set(false,-3.605345487594604,8.470022201538086,1.37829864025116,1,0,0,0.8366554975509644,0.3620902597904205,-1,-1,-1,18,0,0,0,1)
v21 = mesh:AddVertex(v)
v:set(false,-3.605345487594604,7.042294979095459,1.031492829322815,1,0,0,0.7336747050285339,0.3365241587162018,-1,-1,-1,18,0,0,0,1)
v22 = mesh:AddVertex(v)
v:set(false,-3.605345487594604,8.01554012298584,1.031492829322815,1,0,0,0.8037387728691101,0.3370060920715332,-1,-1,-1,18,0,0,0,1)
v23 = mesh:AddVertex(v)
v:set(false,-3.925345659255981,8.01554012298584,1.031492829322815,-0.7071067690849304,-0.7071067690849304,0,0.8172740936279297,0.3956698477268219,-1,-1,-1,18,0,0,0,1)
v24 = mesh:AddVertex(v)
v:set(false,-3.605345487594604,8.01554012298584,-0.01654683612287045,0.7071067690849304,-0.7071067690849304,0,0.840426504611969,0.3198428153991699,-1,-1,-1,17,0,0,0,1)
v25 = mesh:AddVertex(v)
v:set(false,-3.605345487594604,8.01554012298584,1.031492829322815,0.7071067690849304,-0.7071067690849304,0,0.840426504611969,0.3956698477268219,-1,-1,-1,18,0,0,0,1)
v26 = mesh:AddVertex(v)
v:set(false,-3.925345659255981,7.042294979095459,1.37829864025116,-1,0,0,0.8932151794433594,0.3906128704547882,-1,-1,-1,18,0,0,0,1)
v27 = mesh:AddVertex(v)
v:set(false,-3.925345659255981,8.354263305664062,1.031492829322815,-0.7071067690849304,0.7071067690849304,0,0.7927670478820801,0.3956698477268219,-1,-1,-1,18,0,0,0,1)
v28 = mesh:AddVertex(v)
v:set(false,-3.925345659255981,8.354263305664062,-0.01654683612287045,-0.7071067690849304,0.7071067690849304,0,0.7927670478820801,0.3198428153991699,-1,-1,-1,17,0,0,0,1)
v29 = mesh:AddVertex(v)
v:set(false,-3.925345659255981,8.354263305664062,1.031492829322815,0,0,-1,0.797507643699646,0.342505007982254,-1,-1,-1,18,0,0,0,1)
v30 = mesh:AddVertex(v)
v:set(false,-3.925345659255981,9.327508926391602,1.031492829322815,0,0,-1,0.8679232597351074,0.342505007982254,-1,-1,-1,18,0,0,0,1)
v31 = mesh:AddVertex(v)
v:set(false,-3.605345487594604,8.354263305664062,1.031492829322815,0,0,-1,0.797507643699646,0.3656574189662933,-1,-1,-1,18,0,0,0,1)
v32 = mesh:AddVertex(v)
v:set(false,-3.605345487594604,8.354263305664062,1.031492829322815,0.7071067690849304,0.7071067690849304,0,0.7696146368980408,0.3956698477268219,-1,-1,-1,18,0,0,0,1)
v33 = mesh:AddVertex(v)
v:set(false,-3.605345487594604,9.327508926391602,1.37829864025116,1,0,0,0.8989929556846619,0.3617066144943237,-1,-1,-1,18,0,0,0,1)
v34 = mesh:AddVertex(v)
v:set(false,-3.605345487594604,8.354263305664062,1.031492829322815,0.7071067690849304,0.7071067690849304,0,0.8649334907531738,0.3956698477268219,-1,-1,-1,18,0,0,0,1)
v35 = mesh:AddVertex(v)
v:set(false,-3.605345487594604,8.01554012298584,1.031492829322815,0,0,-1,0.8353725671768188,0.3630574345588684,-1,-1,-1,18,0,0,0,1)
v36 = mesh:AddVertex(v)
v:set(false,-3.605345487594604,7.042294979095459,1.031492829322815,0,0,-1,0.7649569511413574,0.3630574345588684,-1,-1,-1,18,0,0,0,1)
v37 = mesh:AddVertex(v)
v:set(false,-3.925345659255981,8.01554012298584,1.031492829322815,0,0,-1,0.8353725671768188,0.3399050235748291,-1,-1,-1,18,0,0,0,1)
v38 = mesh:AddVertex(v)
v:set(false,-3.925345659255981,8.01554012298584,-0.01654683612287045,-0.7071067690849304,-0.7071067690849304,0,0.8172740936279297,0.3198428153991699,-1,-1,-1,17,0,0,0,1)
v39 = mesh:AddVertex(v)
v:set(false,-3.605345487594604,8.354263305664062,-0.01654683612287045,0.7071067690849304,0.7071067690849304,0,0.7696146368980408,0.3198428153991699,-1,-1,-1,17,0,0,0,1)
v40 = mesh:AddVertex(v)
v:set(false,-3.925345659255981,8.354263305664062,-0.01654683612287045,0,0,-1,0.8320000171661377,0.3464397788047791,-1,-1,-1,17,0,0,0,1)
v41 = mesh:AddVertex(v)
v:set(false,-3.605345487594604,8.01554012298584,-0.01654683612287045,0,0,-1,0.8074930310249329,0.3695921897888184,-1,-1,-1,17,0,0,0,1)
v42 = mesh:AddVertex(v)
v:set(false,-3.925345659255981,8.01554012298584,-0.01654683612287045,0,0,-1,0.8074930310249329,0.3464397788047791,-1,-1,-1,17,0,0,0,1)
v43 = mesh:AddVertex(v)
v:set(false,-3.605345487594604,8.354263305664062,-0.01654683612287045,0.7071067690849304,0.7071067690849304,0,0.8649334907531738,0.3198428153991699,-1,-1,-1,17,0,0,0,1)
v44 = mesh:AddVertex(v)
v:set(false,-3.605345487594604,8.354263305664062,-0.01654683612287045,0,0,-1,0.8320000171661377,0.3695921897888184,-1,-1,-1,17,0,0,0,1)
v45 = mesh:AddVertex(v)
v:set(false,-3.605345487594604,9.327508926391602,1.031492829322815,0,0,-1,0.8679232597351074,0.3656574189662933,-1,-1,-1,18,0,0,0,1)
v46 = mesh:AddVertex(v)
v:set(false,-3.605345487594604,9.327508926391602,1.031492829322815,1,0,0,0.8988320827484131,0.3365241587162018,-1,-1,-1,18,0,0,0,1)
v47 = mesh:AddVertex(v)
v:set(false,-3.925345659255981,9.327508926391602,1.37829864025116,-1,0,0,0.7277000546455383,0.3904222846031189,-1,-1,-1,18,0,0,0,1)
v48 = mesh:AddVertex(v)
v:set(false,-3.925345659255981,9.327508926391602,1.031492829322815,0,1,0,0.8023302555084229,0.3483001887798309,-1,-1,-1,18,0,0,0,1)
v49 = mesh:AddVertex(v)
v:set(false,-3.605345487594604,9.327508926391602,1.37829864025116,0,1,0,0.8274220824241638,0.3714525997638702,-1,-1,-1,18,0,0,0,1)
v50 = mesh:AddVertex(v)
v:set(false,-3.605345487594604,9.327508926391602,1.031492829322815,0,1,0,0.8023302555084229,0.3714525997638702,-1,-1,-1,18,0,0,0,1)
v51 = mesh:AddVertex(v)
v:set(false,-3.925345659255981,9.327508926391602,1.37829864025116,0,0,1,0.8958065509796143,0.3880636990070343,-1,-1,-1,18,0,0,0,1)
v52 = mesh:AddVertex(v)
v:set(false,-3.925345659255981,9.327508926391602,1.37829864025116,0,1,0,0.8274220824241638,0.3483001887798309,-1,-1,-1,18,0,0,0,1)
v53 = mesh:AddVertex(v)
v:set(false,-3.925345659255981,7.042294979095459,1.031492829322815,0,0,-1,0.7649569511413574,0.3399050235748291,-1,-1,-1,18,0,0,0,1)
v54 = mesh:AddVertex(v)
v:set(false,-3.925345659255981,7.042294979095459,1.031492829322815,-1,0,0,0.8930543065071106,0.3654304444789886,-1,-1,-1,18,0,0,0,1)
v55 = mesh:AddVertex(v)
v:set(false,-3.605345487594604,7.042294979095459,1.37829864025116,1,0,0,0.7334778308868408,0.361515998840332,-1,-1,-1,18,0,0,0,1)
